days "AB magnitudes"
1.60625 34.8322783811
1.62125 34.7605612529
1.63625 34.9352179783
1.65125 34.9300838606
1.66625 34.9390272382
1.68125 34.8337956816
1.69625 34.8368356944
1.71125 34.8170975052
1.72625 34.7891253171
1.74135416667 34.7779636226
1.75635416667 34.7659700656
1.77125 34.7502229135
1.78625 34.7300106241
1.80125 34.7014633549
1.81635416667 34.6735145154
1.83135416667 34.6663017065
1.84635416667 34.6449219404
1.86135416667 34.6110847862
1.87625 34.5685057381
1.89145833333 34.5448427823
1.90625 34.540200449
1.92135416667 34.5075931046
1.93635416667 34.4773588091
1.95135416667 34.4751566354
1.96635416667 34.4484392448
1.98125 34.4197120195
1.99635416667 34.4124219921
2.01135416667 34.3852354487
2.02635416667 34.3848363411
2.04145833333 34.3531560948
2.05635416667 34.3489021351
2.07135416667 34.3132498545
2.08635416667 34.3065191403
2.10135416667 34.266677647
2.11635416667 34.2657021706
2.13125 34.2183655184
2.14635416667 34.2175357936
2.16145833333 34.1677096541
2.17635416667 34.1697621996
2.19145833333 34.1812435694
2.20645833333 34.1170849276
2.22125 34.1150997033
2.23625 34.0738106296
2.25125 34.0736917703
2.26635416667 34.0832950599
2.28125 34.0354131679
2.29635416667 34.0343729714
2.31135416667 34.037263165
2.32625 33.9996551568
2.34125 33.9939718095
2.35625 34.0108677593
2.44260416667 33.9315165736
2.531875 33.9028414902
2.62458333333 33.8702328056
2.720625 33.8340270135
2.8203125 33.7692447373
2.92364583333 33.755540401
3.03052083333 33.7160966654
3.1415625 33.6510688245
3.25645833333 33.6288366412
3.37572916667 33.550904635
3.49958333333 33.5437342892
3.62739583333 33.4795157748
3.76072916667 33.4531938545
3.89770833333 33.4184694233
4.040625 33.3616849596
4.18854166667 33.3033454961
4.34239583333 33.23761404
4.50083333333 33.2269343901
4.665625 33.1803958315
4.83614583333 33.1302204688
5.01302083333 33.0801014607
5.1965625 33.0284213574
5.3871875 32.9867773441
5.58427083333 32.947859997
5.78854166667 32.920147901
6.00052083333 32.886465799
6.2203125 32.8542300189
6.44791666667 32.8198685322
6.68354166667 32.792320871
6.92822916667 32.7661176984
7.18208333333 32.7345743491
7.4446875 32.7182437966
7.71708333333 32.6987342266
8.0 32.6960455177
8.29291666667 32.6902793806
8.59635416667 32.6844980164
8.91104166667 32.6865732633
9.23770833333 32.7407005914
9.57583333333 32.7280002695
9.92625 32.7088662745
10.2888541667 32.7028620978
10.665625 32.6952315512
11.05625 32.6750547631
11.4604166667 32.6588170703
11.8802083333 32.6511380718
12.3260416667 32.6354172353
12.775 32.615309533
13.2364583333 32.6075498214
13.721875 32.6129856738
14.2197916667 32.6184195965
14.7427083333 32.6332993149
15.2895833333 32.6478944063
15.85 32.6717817127
16.4229166667 32.6799998514
17.0208333333 32.6832088679
17.64375 32.7064683821
18.2916666667 32.7216621593
18.965625 32.7311269868
19.6520833333 32.7386727917
20.3760416667 32.7470578545
21.1416666667 32.7973185476
21.9229166667 32.8027677646
22.7083333333 32.8099545192
23.5291666667 32.8194396513
24.3854166667 32.832175385
25.2791666667 32.8546495019
26.2083333333 32.8622375395
27.175 32.8879661061
28.178125 32.935969254
29.1833333333 32.9640773739
30.2604166667 33.0127853974
31.375 33.0891182966
32.5270833333 33.1351843292
33.7177083333 33.1691166181
34.9458333333 33.2076731037
36.2125 33.2512757196
37.5520833333 33.2865346748
38.93125 33.3302739907
40.35 33.3722575475
41.84375 33.4168743056
43.340625 33.4615939873
44.9489583333 33.5187840456
46.5979166667 33.5743134261
48.2885416667 33.6392250062
50.4270833333 33.784394298
52.1604166667 33.8936830133
53.8208333333 34.0293571585
55.9916666667 34.1323632864
58.1833333333 34.4080405845
59.9677083333 34.6246501227
62.2125 35.1014072081
64.6583333333 35.6989074067
66.8427083333 36.2946086853
69.1729166667 37.1478979631
72.0927083333 38.1874903234
74.525 39.4509813041
77.5239583333 41.8021114305
80.16875 49.3091537637
83.0822916667 52.6237944761
86.0114583333 55.6403418521
88.953125 58.3305493468
92.675 61.625024536
96.2916666667 72.7797670346
99.2229166667 80.0702595296
103.273958333 87.8607844492
107.375 97.4784841735
110.4375 108.358209955
114.520833333 113.945513231
118.791666667 115.614567094
123.270833333 117.599164789
127.854166667 119.461429883
133.1875 120.760980915
137.78125 122.298668027
142.395833333 123.870264555
148.572916667 125.828939213
153.21875 127.203363952
159.333333333 129.556835726
164.041666667 131.247027212
170.75 133.44089693
177.96875 135.540944828
183.729166667 137.203543749
189.5 139.03317366
197.239583333 141.447651872
205.020833333 143.9563406
210.864583333 145.880783995
218.708333333 148.397172677
226.572916667 150.76355074
236.458333333 153.570818461
244.395833333 155.804259368
252.5 158.029010278
262.03125 159.875869209
272.260416667 161.651966699
282.53125 163.643005377
292.84375 165.733999019
303.177083333 167.841976604
313.552083333 169.963759739
326.572916667 172.710941159
337.020833333 174.89349597
350.125 177.580327987
363.291666667 180.179398269
376.5 182.887748214
389.75 185.551535516
403.052083333 188.230029046
419.083333333 191.379916749
435.177083333 194.757799069
448.635416667 197.504746846
467.552083333 201.415528149
483.833333333 204.769138735
500.177083333 208.164316476
519.322916667 212.133021943
538.552083333 216.115325461
557.854166667 220.076113703
577.239583333 224.068544841
599.489583333 228.625993658
621.833333333 233.287934102
644.270833333 237.87445345
666.802083333 242.447055338
692.270833333 247.551457972
717.854166667 256.662026038
744.114583333 260.09290996
771.333333333 264.083070013
799.5625 268.272239057
828.8125 272.557752593
859.145833333 276.753944217
890.583333333 280.728520785
923.166666667 284.587317643
956.958333333 288.497238619
991.979166667 292.538910121
1028.29166667 296.74066929
1065.9375 301.118749939
1105.0 305.673428685
1145.41666667 310.403675522
1187.29166667 315.284023141
1230.83333333 320.200819093
1275.83333333 324.903308345
1322.60416667 329.325088733
1371.04166667 333.666273174
1421.25 338.087032665
1473.22916667 342.639038286
1527.1875 347.347694773
1583.125 352.259201806
1641.14583333 357.461594305
1701.25 362.970351998
1763.54166667 368.408037331
