days "AB magnitudes"
13.2777777778 31.5137227857
13.2916666667 31.6281635532
13.3046296296 31.246305229
13.3175925926 31.3164014094
13.3314814815 31.6814961486
13.3444444444 31.1909493263
13.3574074074 31.0691823632
13.3712962963 31.0322902621
13.3842592593 31.0315449583
13.3981481481 31.0450010717
13.4111111111 31.0755998628
13.4240740741 31.1277432796
13.437962963 31.1957297091
13.4509259259 31.271762769
13.4648148148 31.3749136862
13.4777777778 31.4524582443
13.4907407407 31.5042310944
13.5046296296 31.5520258462
13.5175925926 31.567047056
13.5314814815 31.590247361
13.5444444444 31.5717393495
13.5574074074 31.5828242727
13.5712962963 31.5910709119
13.5842592593 31.5452673676
13.5981481481 31.5733066979
13.6111111111 31.6014654068
13.6240740741 31.6536547782
13.637962963 31.7283446484
13.6509259259 31.8247590317
13.6648148148 31.893618014
13.6777777778 31.9501171626
13.6907407407 32.0306258251
13.7046296296 32.0832873845
13.7175925926 32.1742723483
13.7314814815 32.1988946162
13.7444444444 32.2422702828
13.7574074074 32.2702290531
13.7712962963 32.2659928333
13.7842592593 32.2754017285
13.7981481481 32.2425645427
13.8111111111 32.3102580159
13.8240740741 32.3680729544
13.837962963 32.4030838008
13.8509259259 32.4462949929
13.8648148148 32.4560142285
13.8777777778 32.455377451
13.8907407407 32.4672217477
13.9046296296 32.4503652144
13.9175925926 32.4393276287
13.9314814815 32.4283251408
13.9444444444 32.5651904263
14.3185185185 32.4683674932
14.7027777778 32.1962860326
15.0972222222 32.2790286343
15.5018518519 32.3524093861
15.9175925926 32.4238029308
16.3444444444 32.4779262191
16.7833333333 32.4498300796
17.2342592593 32.3935236123
17.6953703704 32.3560603681
18.1703703704 32.3359755335
18.6592592593 32.2881528883
19.1592592593 32.289818191
19.6722222222 32.2471915621
20.2 32.2101715081
20.7425925926 32.1716330118
21.2990740741 32.1603843549
21.8694444444 32.1234370292
22.4564814815 32.0871616519
23.0592592593 32.3119015346
23.6768518519 32.2220468677
24.3138888889 32.1371452899
24.9657407407 32.100961458
25.6361111111 32.0706699927
26.3240740741 32.0017215812
27.0277777778 31.9591616351
27.7546296296 31.9773993925
28.4981481481 31.9268940599
29.2638888889 31.8936334254
30.0481481481 31.9224003383
30.8527777778 31.8904171207
31.6824074074 31.8604368767
32.5305555556 31.8463156996
33.4037037037 31.8598831723
34.3009259259 31.8282103459
35.2212962963 31.8154617035
36.1657407407 31.8072118112
37.1351851852 31.809611746
38.1314814815 31.7963523615
39.1546296296 31.796828954
40.2037037037 31.7997389236
41.2824074074 31.8000790906
42.3907407407 31.7930954314
43.5277777778 31.7891487982
44.6944444444 31.7784219769
45.8935185185 31.7830015771
47.1287037037 31.8104502986
48.3916666667 31.8094980587
49.6916666667 31.8183477947
51.0759259259 31.8203357907
52.4212962963 31.8214903783
53.8277777778 31.8217242754
55.237037037 31.8358886453
56.7666666667 31.8768896213
58.2407407407 31.8891324888
59.8361111111 31.9124365506
61.4342592593 31.9422029192
63.0953703704 31.9615834741
64.7592592593 31.9903097162
66.487037037 32.0370837058
68.2768518519 32.0584727113
70.1314814815 32.1198264869
71.9888888889 32.1489103184
73.9111111111 32.1964334948
75.8972222222 32.2393763487
77.9472222222 32.2616074639
80.062962963 32.2995333191
82.1824074074 32.3597197286
84.3666666667 32.3724868211
86.6777777778 32.4448591947
88.9935185185 32.46581292
91.375 32.5649238405
93.8240740741 32.6003928473
96.3333333333 32.6392142839
98.9166666667 32.7032849279
101.564814815 32.8322065583
104.287037037 32.9359183298
108.12962963 32.7518367708
111.0 32.8827678918
113.814814815 32.9788379284
116.638888889 33.084610316
119.453703704 33.2393241487
122.287037037 33.5379600707
126.527777778 33.7903848278
129.388888889 33.8982325824
132.842592593 34.2304721568
136.296296296 34.6040276132
139.935185185 34.4869527789
143.675925926 34.953710505
147.527777778 35.2811631725
151.425925926 35.1871872639
155.361111111 35.5901048249
159.268518519 35.8887485456
165.157407407 36.2820645233
169.092592593 36.2323248387
173.027777778 36.5558896796
177.092592593 37.1597449099
183.398148148 37.8998671821
187.712962963 37.8184789051
192.037037037 38.5521618551
199.083333333 39.5924155242
204.166666667 41.0110039175
209.972222222 40.5883327623
215.87037037 41.2303017378
218.824074074 42.2503071923
224.740740741 43.3316269753
233.648148148 44.3758262914
239.592592593 45.5009149639
245.462962963 45.5337301013
251.324074074 46.1423315673
257.203703704 47.8692783903
266.018518519 48.2940435805
272.296296296 50.0700208077
278.703703704 50.9338410066
285.212962963 50.5431369331
295.37037037 53.3504685353
302.518518519 52.7490535385
309.907407407 54.0409576631
317.314814815 54.9765633985
328.444444444 56.0697712249
335.888888889 57.9779923596
343.342592593 57.3461549166
354.555555556 61.0434552385
362.046296296 60.4033247692
373.314814815 61.5456277593
384.611111111 66.0231952835
392.166666667 63.9978666807
403.518518519 65.3953174428
414.898148148 66.5846312576
426.305555556 67.9963035019
437.740740741 68.1395039828
449.212962963 68.7333912028
460.703703704 69.0403236948
472.296296296 72.4131221256
484.435185185 70.8803500441
497.935185185 69.6877085347
512.398148148 68.5129425356
527.435185185 72.0283462817
542.5 77.8636822865
557.601851852 78.9092235537
567.685185185 81.2246740844
582.842592593 83.8327533837
603.101851852 90.6923961549
618.333333333 135.164092224
633.592592593 131.154305454
648.87962963 134.271846822
669.314814815 146.373471235
684.666666667 150.568743315
705.194444444 151.389966371
720.611111111 152.023871904
741.222222222 152.924856084
761.87962963 153.878274706
782.583333333 154.891859201
803.333333333 155.900804547
824.12962963 156.846737623
844.962962963 157.717212315
871.074074074 158.805259916
892.009259259 159.733002673
918.240740741 160.999004463
939.259259259 162.08329954
965.648148148 163.457586881
992.037037037 164.737112622
1018.51851852 165.873194402
1045.0 166.952197389
1071.66666667 168.092140969
1103.61111111 169.601175679
1130.37037037 170.984702736
1162.5 172.723376465
1194.62962963 174.281452632
1226.94444444 175.575251696
1259.35185185 176.815072527
1291.75925926 178.146815366
1324.25925926 179.641933586
1408.7962963 179.407879226
1463.61111111 181.747815328
1518.61111111 184.060725561
1573.7037037 186.349675
1629.07407407 188.619446904
1684.62962963 190.862746976
1740.27777778 193.071465048
1796.11111111 195.213284666
1852.12962963 197.268623859
1908.24074074 199.258367377
1964.53703704 201.21936596
2021.01851852 203.167978505
2077.59259259 205.086400185
2134.35185185 206.967246122
2191.2037037 208.807948224
2248.24074074 210.615760749
2362.68518519 214.155969222
2420.18518519 215.904157217
2477.68518519 217.646875998
2535.37037037 219.393082693
2593.24074074 221.148977617
2651.2037037 222.92024045
2709.25925926 224.714275629
