days "AB magnitudes"
2.32013888889 34.7415989693
2.34180555556 34.7257027128
2.36347222222 34.7198931363
2.38513888889 34.7306601516
2.40680555556 34.7275496079
2.42847222222 34.6613658213
2.45013888889 34.6503408576
2.47180555556 34.5404337114
2.49347222222 34.5564446717
2.51528935185 34.546733915
2.53695601852 34.5144626564
2.55847222222 34.5204308377
2.58013888889 34.5166276984
2.60180555556 34.508305931
2.62362268519 34.4936034015
2.64528935185 34.4530610421
2.66695601852 34.4346789423
2.68862268519 34.4105451185
2.71013888889 34.3803697829
2.73210648148 34.397910807
2.75347222222 34.3586739534
2.77528935185 34.340274282
2.79695601852 34.3212301406
2.81862268519 34.313245478
2.84028935185 34.2921300214
2.86180555556 34.2648713638
2.88362268519 34.2613782207
2.90528935185 34.2337234461
2.92695601852 34.2348862179
2.94877314815 34.2051604742
2.97028935185 34.2020077381
2.99195601852 34.1766522553
3.01362268519 34.1677493467
3.03528935185 34.1497572671
3.05695601852 34.1428078971
3.07847222222 34.1246495041
3.10028935185 34.1171240443
3.12210648148 34.1023391564
3.14362268519 34.0967039967
3.16543981481 34.0899571187
3.18710648148 34.0676315732
3.20847222222 34.0617878885
3.23013888889 34.0373288216
3.25180555556 34.0363379475
3.27362268519 34.0472346713
3.29513888889 33.9998840533
3.31695601852 34.0022545561
3.33862268519 34.0121855403
3.36013888889 33.9583052463
3.38180555556 33.9575214891
3.40347222222 33.9953782995
3.52820601852 33.8868587809
3.65715277778 33.8182805381
3.79106481481 33.8053399387
3.92979166667 33.7783449188
4.07378472222 33.8016850474
4.22304398148 33.9461055636
4.37741898148 33.8555795012
4.5378125 33.9266901203
4.70377314815 33.9120717994
4.87605324074 33.8950612393
5.0549537037 33.8924802544
5.23957175926 33.8636818924
5.43216435185 33.8216026109
5.63002314815 33.741756251
5.83645833333 33.6493121534
6.05011574074 33.5697641267
6.27234953704 33.5103300165
6.5012037037 33.4475870273
6.73923611111 33.3767038359
6.98554398148 33.3060972941
7.24103009259 33.2570963293
7.50614583333 33.1894746538
7.78149305556 33.1533614989
8.06616898148 33.1068240051
8.36122685185 33.0794717336
8.66741898148 33.0435621733
8.98489583333 33.0113463211
9.31365740741 32.9833484614
9.65400462963 32.9634027226
10.0074421296 32.9412506498
10.3741203704 32.9073150457
10.7534375 32.8807931232
11.1468981481 32.8342748955
11.5555555556 32.8012916169
11.9786574074 32.7702998913
12.4169560185 32.7488868151
12.8715046296 32.7847932794
13.3433564815 32.9728079503
13.8317592593 32.9677171608
14.3379166667 32.9359425201
14.8616782407 32.955652881
15.4059027778 32.9657052747
15.9701388889 32.9956577278
16.5539351852 33.013212928
17.1603009259 33.0424864844
17.8042824074 33.0590474371
18.4527777778 33.1150169665
19.1193287037 33.1218714049
19.8204861111 33.1417182471
20.5396990741 33.1345599561
21.2950231481 33.151648523
22.0849537037 33.1643477311
22.8944444444 33.2249911846
23.7219907407 33.2469191369
24.5856481481 33.2614361534
25.4854166667 33.2517980412
26.4212962963 33.2528187107
27.3947916667 33.2659175196
28.3863425926 33.2703934302
29.4320601852 33.2829310069
30.537962963 33.2937176392
31.6664351852 33.3043421143
32.8009259259 33.3557760178
33.9865740741 33.3440114526
35.2233796296 33.3914552432
36.5143518519 33.4115784082
37.8564814815 33.4215019312
39.2527777778 33.4479341514
40.7017361111 33.4917520252
42.1537037037 33.5128903872
43.7094907407 33.5475163568
45.3194444444 33.6318533398
46.9835648148 33.6832842573
48.7033564815 33.7271761735
50.4773148148 33.7928604339
52.3069444444 33.8558450305
54.2418981481 33.9241233644
56.2340277778 34.0172317496
58.2833333333 34.0686257693
60.4409722222 34.1956148059
62.603125 34.3164774963
64.9262731481 34.454104383
67.3081018519 34.6034030926
69.7501157407 34.7763017256
72.8391203704 34.8203231398
75.3428240741 34.993638155
77.7412037037 35.2032349685
80.8768518519 35.9349149889
84.0425925926 36.5579740577
86.6200231481 37.2834439595
89.8625 38.2264119001
93.3953703704 39.5249854698
96.5505787037 40.9861354239
99.9164351852 44.052403037
104.133912037 49.203905643
107.647222222 52.1390547304
111.979050926 55.6516363576
115.799305556 59.9706023157
120.00775463 64.6060221377
124.238773148 71.5960152515
128.487847222 78.3562544915
133.863888889 87.4029643262
139.087962963 103.336597524
143.321990741 117.091694215
149.17349537 136.277016421
155.097222222 149.340444217
159.520833333 150.956058596
165.418981481 152.767497103
171.587962963 155.121948914
178.05787037 157.911423476
184.678240741 160.564071259
192.381944444 162.789138633
199.017361111 164.974891984
205.68287037 167.191633329
214.605324074 170.134289032
221.315972222 172.231473245
230.148148148 175.579204303
236.949074074 178.000559386
246.638888889 181.262771402
257.065972222 184.374969458
265.386574074 186.745889907
273.722222222 189.361237193
284.90162037 192.99751804
296.141203704 196.69754143
304.582175926 199.435906702
315.912037037 203.032912704
327.271990741 206.499501095
341.550925926 210.63236482
353.016203704 213.841489169
364.722222222 217.036423813
378.489583333 219.756849719
393.265046296 222.382960002
408.100694444 225.250892155
422.996527778 228.262184885
437.922453704 231.354911911
452.908564815 234.463825054
471.716435185 238.427491328
486.80787037 241.575295479
505.736111111 245.469396879
524.75462963 249.281055917
543.833333333 253.190746702
562.972222222 257.035263458
582.186342593 260.902235043
605.342592593 265.541994168
628.58912037 270.356974297
648.028935185 274.33454733
675.353009259 279.975592557
698.87037037 284.830019979
722.478009259 289.613189223
750.133101852 294.800380303
777.908564815 299.286648902
805.789351852 303.405721181
833.790509259 307.501604266
865.929398148 312.277325402
898.203703704 317.165003834
930.613425926 322.109069263
963.158564815 326.941854002
999.946759259 331.887856968
1036.90046296 336.196229231
1074.83217593 340.468997715
1114.14814815 345.043057007
1154.92361111 349.815040785
1197.17361111 354.79362814
1240.98842593 359.985797793
1286.39814815 365.40950918
1333.46296296 371.070256489
1382.27314815 376.918750081
1432.8587963 382.720874702
1485.31018519 388.143943891
1539.6875 393.243677441
1596.11111111 398.297505592
1654.49074074 403.441577351
1714.97685185 408.717178481
1777.87037037 414.166497002
1842.87037037 419.863029117
1910.42824074 425.852423775
1980.39351852 432.1558128
2052.91666667 438.766119154
2127.99768519 445.558518902
2205.9375 451.697443556
2286.73611111 456.828527584
2370.54398148 461.856637844
2457.36111111 467.071749516
2547.33796296 472.578849336
