days "AB magnitudes"
6.67833333333 36.9382597163
6.69166666667 30.5871397282
6.70472222222 31.1428984724
6.71796296296 30.9258614096
6.7312962963 30.9360003324
6.74462962963 31.0269487595
6.75787037037 31.1064011058
6.7712037037 31.1804280355
6.78462962963 31.2303492152
6.79796296296 31.4622802345
6.8112962963 31.5871095564
6.82453703704 31.6230344443
6.83787037037 31.6924464423
6.8512962963 31.8743680582
6.86462962963 32.012873507
6.87796296296 32.0897952614
6.8912962963 32.0727454047
6.90453703704 32.1752360692
6.91796296296 32.080791942
6.9312962963 31.9715315604
6.94462962963 31.9086927031
6.95796296296 31.9486700116
6.9712037037 31.9903058192
6.98462962963 32.045137861
6.99787037037 32.1008975541
7.0112037037 32.0234495335
7.02462962963 32.0131640658
7.03796296296 32.0101491239
7.0512962963 32.0149930351
7.06462962963 32.0137137577
7.07787037037 32.0125496014
7.0912037037 32.020906979
7.10462962963 32.0363967577
7.11787037037 32.056038945
7.1312962963 32.0802776739
7.14462962963 32.0316651961
7.15787037037 32.0197150547
7.1712037037 32.0121590264
7.18462962963 31.9970903808
7.19796296296 31.996060278
7.2112037037 31.9920027104
7.22472222222 31.9913297311
7.23796296296 31.9894237782
7.2512962963 31.9972681341
7.26462962963 32.0137019481
7.27796296296 32.0112737571
7.2912037037 32.0092435318
7.30462962963 32.0073741771
7.31796296296 32.0023023109
7.3312962963 32.0003929976
7.34453703704 31.9976386065
7.56574074074 31.8930609922
7.7937962963 31.9126738562
8.02842592593 31.8361149878
8.2712037037 31.8665880532
8.51972222222 31.8342754943
8.7762037037 31.7861874464
9.04101851852 31.7222397455
9.31296296296 31.7031794698
9.59444444444 31.6805179317
9.88333333333 31.6428814509
10.1805555556 31.5874885976
10.487037037 31.4995635558
10.8037037037 31.4609734834
11.1277777778 31.4423174328
11.4638888889 31.4090241856
11.8092592593 31.3774529861
12.1648148148 31.3389301517
12.5314814815 31.2844162089
12.9074074074 31.243527256
13.2972222222 31.2067737735
13.6981481481 31.1367845178
14.1101851852 31.0958767032
14.5342592593 31.0457358534
14.9731481481 31.0209624062
15.4231481481 30.9860856996
15.887962963 30.9438396357
16.3666666667 30.8881645725
16.8592592593 30.8601648301
17.3685185185 30.7946822229
17.8916666667 30.7939947566
18.4305555556 30.953073439
18.9851851852 30.8773240555
19.5583333333 30.8231360575
20.1462962963 30.7537543588
20.7537037037 30.7070710882
21.3787037037 30.6626284409
22.0212962963 30.6317861479
22.6851851852 30.5897924382
23.3675925926 30.5531164093
24.0740740741 30.5226324902
24.7981481481 30.4985172995
25.5435185185 30.4796676488
26.3138888889 30.4782846234
27.1064814815 30.4397060179
27.9240740741 30.449861857
28.7657407407 30.3965044109
29.6296296296 30.3482175977
30.5231481481 30.3542527841
31.4425925926 30.2903271218
32.3898148148 30.2947271446
33.3657407407 30.2555443924
34.3722222222 30.2404983453
35.4083333333 30.192154112
36.4712962963 30.2052581927
37.5722222222 30.1654694681
38.7037037037 30.1357455861
39.8685185185 30.1430235098
41.0703703704 30.0935507858
42.3064814815 30.0868706066
43.5888888889 30.0416866758
44.9055555556 30.0516149981
46.2648148148 30.0515876968
47.6657407407 30.0105307157
49.1092592593 30.0098735034
50.5537037037 29.9891029162
52.0824074074 29.9985636215
53.6537037037 30.0040850288
55.2675925926 29.9903272934
56.9240740741 30.0026258186
58.6657407407 29.9847575368
60.4083333333 30.0270628622
62.2361111111 30.0220392138
64.1074074074 30.0488242123
66.0638888889 30.0599824162
68.0222222222 30.1211418656
70.0666666667 30.1393588455
72.1953703704 30.1526619731
74.3694444444 30.1898447785
76.8268518519 30.1612335509
79.3768518519 30.1991668908
81.4231481481 30.2364040449
84.0574074074 30.2674239739
86.6925925926 30.2773150339
89.3324074074 30.3083277025
91.9777777778 30.3231387338
94.6203703704 30.3584624935
97.25 30.365225954
100.472222222 30.4000615484
103.37962963 30.4168564941
106.324074074 30.442451546
109.861111111 30.4681403004
112.805555556 30.4973638798
116.277777778 30.5303212113
119.87962963 30.5790228264
123.490740741 30.6337461776
127.166666667 30.6919759805
130.87037037 30.7369192706
135.277777778 30.7728525681
138.898148148 30.8255114256
143.324074074 30.8927444821
147.87962963 31.0312246929
151.685185185 31.090713921
156.509259259 31.183099185
161.435185185 31.296042619
166.138888889 31.3677204446
171.324074074 31.4810257842
175.972222222 31.6555780659
181.935185185 31.856916288
186.916666667 31.935371061
192.888888889 32.1680231666
198.87962963 32.3820506662
203.990740741 32.6973821639
211.342592593 32.9991780259
216.583333333 33.2845065323
223.37037037 33.7182412964
230.222222222 34.1683833458
237.074074074 34.7143388704
243.935185185 35.2163261155
252.185185185 35.7036460151
259.268518519 35.9772248291
266.712962963 36.0879719241
275.731481481 36.1905672746
284.055555556 36.233285713
291.796296296 36.3952141343
299.972222222 36.7612879239
310.212962963 36.8311966091
318.388888889 36.9904538464
328.481481481 37.0848592611
338.546296296 37.0722512595
349.12962963 36.9218320574
360.222222222 37.1467715861
369.638888889 37.7934837081
382.25 38.3637584509
392.361111111 38.466332785
405.018518519 39.176624162
417.712962963 39.9644820835
430.425925926 48.8969686267
443.175925926 122.725613425
455.953703704 123.755417029
468.759259259 124.988660505
484.148148148 126.397445767
497.009259259 127.484356457
512.648148148 128.596685259
527.157407407 129.654486427
543.935185185 130.750755829
561.111111111 131.874502727
578.324074074 132.875442367
595.564814815 133.964472003
612.833333333 135.069958811
630.12962963 136.218059508
650.925925926 137.58227245
671.75 139.017441583
689.148148148 140.225993932
710.046296296 141.658831199
745.157407407 141.568224163
774.666666667 143.40005488
804.240740741 145.180226047
833.87962963 146.937286744
863.583333333 148.636372864
893.351851852 150.315026268
923.194444444 151.945550173
953.055555556 153.556485104
983.055555556 155.128331533
1013.05555556 156.6831867
1073.33333333 159.709024013
1103.51851852 161.192285978
1133.7962963 162.648050762
1164.07407407 164.093545845
1194.44444444 165.521079455
1224.90740741 166.932746391
1255.37037037 168.336056016
1285.92592593 169.722619283
1347.22222222 172.47446671
1377.87037037 173.830830513
1408.7037037 175.185358111
1470.37037037 177.897836656
1501.2962963 179.195992274
1563.24074074 181.790938819
1594.35185185 183.084161143
1656.57407407 185.655396078
1687.87037037 186.940761954
1750.46296296 189.519120587
1781.75925926 190.816761591
1844.72222222 193.413298396
1907.77777778 195.983988303
1971.01851852 198.579405558
2034.53703704 201.299658492
2066.2962963 202.713452093
2130.09259259 205.621445694
2194.07407407 208.629174049
2258.24074074 211.734476322
2354.81481481 216.574497135
2419.53703704 219.922276536
2484.44444444 223.363003703
2549.53703704 226.896392812
2647.59259259 232.363904606
2713.14814815 236.120872402
