days "AB magnitudes"
1.25555555556 45.9011202505
1.27222222222 35.3567206957
1.28888888889 34.6880628792
1.30555555556 34.7384061612
1.32222222222 34.7277752565
1.33888888889 34.6594561123
1.35555555556 34.6085797722
1.37222222222 34.5690463039
1.38888888889 34.4796920516
1.40555555556 34.4616655968
1.42222222222 34.3918306562
1.43888888889 34.3808710211
1.4556712963 34.3727519158
1.47233796296 34.3469757467
1.48888888889 34.3262423673
1.5056712963 34.3019947656
1.52222222222 34.2742224452
1.53900462963 34.2403806218
1.5556712963 34.2074532308
1.57222222222 34.174699607
1.58888888889 34.1370566608
1.60555555556 34.13618593
1.62233796296 34.1045876166
1.63888888889 34.1077099192
1.6556712963 34.0518146663
1.67222222222 34.0253700307
1.68900462963 34.0405754146
1.70555555556 33.9813965282
1.72222222222 33.9487696961
1.73888888889 33.9378122535
1.7556712963 33.9057908778
1.77222222222 33.8979463288
1.78900462963 33.8680395154
1.8056712963 33.8690498357
1.82233796296 33.8365047605
1.83900462963 33.8236803675
1.8556712963 33.8020058786
1.87233796296 33.7875375623
1.88888888889 33.7672443872
1.90555555556 33.7548710608
1.92222222222 33.7167764025
1.93900462963 33.7194675214
1.95555555556 33.6769480555
1.97222222222 33.6802006769
1.98888888889 33.6734232235
2.0056712963 33.6221343267
2.02222222222 33.6293125787
2.03900462963 33.571158407
2.0556712963 33.5795898339
2.07233796296 33.5760998098
2.08888888889 33.5141739246
2.16782407407 33.464613576
2.24965277778 33.3799674786
2.3349537037 33.3449792379
2.42291666667 33.2814173145
2.51435185185 33.2504025755
2.60972222222 33.2103280822
2.70821759259 33.1704570416
2.81076388889 33.1422379992
2.91689814815 33.0750675216
3.02685185185 33.0663046688
3.14143518519 33.0036866033
3.2599537037 32.9620425859
3.38275462963 32.9322425118
3.51053240741 32.8938813528
3.64375 32.8480074558
3.78148148148 32.8534116117
3.92349537037 32.7729479271
4.07256944444 32.736793298
4.22569444444 32.7387171332
4.38587962963 32.7406082137
4.55150462963 32.7005109882
4.72314814815 32.6586466862
4.90127314815 32.620059278
5.08634259259 32.5965022655
5.2787037037 32.5529888663
5.47800925926 32.5074763059
5.68564814815 32.465942906
5.90034722222 32.4234506678
6.12280092593 32.386259245
6.35416666667 32.3614425889
6.59456018519 32.3258971948
6.84293981481 32.2925703362
7.15497685185 32.2546969669
7.37094907407 32.2058203456
7.64803240741 32.1729296353
7.93668981481 32.1311497659
8.23657407407 32.098758921
8.54768518519 32.0679995041
8.8712962963 32.0570960047
9.20613425926 32.0543985011
9.55381944444 32.0617538515
9.91423611111 32.0625178108
10.2903935185 32.1477935321
10.6780092593 32.1493288882
11.0815972222 32.1656629929
11.5011574074 32.1591350956
11.9340277778 32.1477612082
12.3854166667 32.1332421109
12.8541666667 32.1140241288
13.3402777778 32.098300143
13.8414351852 32.0887152631
14.3657407407 32.0844505082
14.9085648148 32.0986756253
15.4699074074 32.106235555
16.0555555556 32.1222875543
16.6678240741 32.1263663157
17.3032407407 32.14342063
17.9594907407 32.1498011543
18.6388888889 32.1605104245
19.3402777778 32.1655257589
20.0648148148 32.2083734577
20.8333333333 32.2276550984
21.6030092593 32.2269363772
22.4166666667 32.232755159
23.275462963 32.2386183476
24.1574074074 32.2360175207
25.0625 32.2426643385
26.0115740741 32.2456056099
26.9849537037 32.2452089417
28.0023148148 32.2849556053
29.0659722222 32.3204484195
30.1759259259 32.3879587122
31.3078703704 32.4305038255
32.4849537037 32.4447051316
33.7534722222 32.4780077175
35.0266203704 32.5286759889
36.3043981481 32.5696175977
37.7199074074 32.6083226869
39.1377314815 32.6413257522
40.6261574074 32.6919171736
42.1168981481 32.7292227195
43.7453703704 32.7745845699
45.3773148148 32.8250639701
47.0798611111 32.8677983835
48.8530092593 32.9417273683
50.6979166667 33.0000067347
52.6145833333 33.0666864498
54.6018518519 33.1423928738
56.6631944444 33.2260742278
58.7962962963 33.3279697727
61.0034722222 33.4317867159
63.3530092593 33.5630602328
65.7071759259 33.7041251347
68.2048611111 33.7927827214
70.7777777778 33.9619623533
73.4259259259 34.1589002035
76.2199074074 34.4457099284
79.0902777778 34.8332145284
82.1087962963 35.4828705135
85.2037037037 36.0530342778
89.4328703704 37.2014089127
92.9282407407 38.4894658089
96.4363425926 40.8641849922
99.9502314815 49.3973269859
103.493055556 51.3593800195
107.020833333 54.2269178388
110.554398148 57.4730170279
116.087962963 64.1908398426
119.953703704 69.9784974941
124.016203704 75.8154631904
128.80787037 85.6906531638
134.0625 102.406985901
139.351851852 110.804418806
144.583333333 120.532368068
149.768518519 122.856058578
155.393518519 124.76069599
161.655092593 126.939955718
168.159722222 129.140592426
174.6875 131.190077453
181.238425926 133.493750081
187.800925926 135.772133294
194.398148148 137.796426246
201.006944444 140.030498697
207.638888889 142.232394521
217.615740741 145.327962783
225.034722222 147.40248095
233.715277778 149.392527067
242.569444444 151.117963202
251.435185185 153.251725532
260.324074074 155.286907463
269.236111111 157.340218074
282.638888889 160.31642656
291.597222222 162.397829612
300.578703704 164.497500572
314.085648148 167.489829018
327.627314815 170.606666537
336.689814815 172.65404262
350.300925926 175.652931692
363.958333333 178.702457082
377.650462963 181.746299594
391.388888889 184.629669985
405.162037037 187.637194109
423.587962963 191.511770587
437.44212963 194.518530338
455.983796296 198.369979988
469.94212963 201.301074076
488.587962963 205.20826939
507.314814815 209.064509727
526.099537037 212.934135366
544.94212963 216.799205121
568.576388889 221.592945988
587.55787037 225.429813706
611.365740741 230.208167335
635.25462963 234.963362724
659.247685185 239.669395597
683.310185185 244.36688494
707.476851852 249.046276145
731.712962963 253.687361226
760.914351852 259.247610786
790.219907407 264.786384947
819.652777778 270.265672648
849.189814815 275.730609014
883.796296296 281.897578306
918.553240741 287.556531458
948.449074074 291.903377073
988.483796296 297.332265183
1023.65740741 301.770981869
1064.0162037 306.34070082
1104.56018519 310.650675437
1145.2662037 314.98333233
1186.11111111 319.421303493
1232.29166667 324.537468954
1278.7037037 329.753180243
1325.5787037 334.712562218
1374.18981481 339.52406778
1430.20833333 344.464467869
1482.63888889 349.062293531
1536.9212963 354.055740006
1599.53703704 360.162983296
1658.21759259 365.956109034
1718.86574074 371.018970737
1781.8287037 375.579957472
1854.51388889 381.08617195
1922.4537037 386.796723554
1992.93981481 393.349494885
2074.18981481 399.425395038
2150.23148148 404.274933166
2228.93518519 410.241470264
2310.64814815 417.815684281
2404.86111111 423.633813826
2492.93981481 429.783820142
2584.375 438.291922709
2679.05092593 443.543414853
2788.31018519 450.781341453
2890.50925926 458.36375534
