days "AB magnitudes"
1.00444444444 45.3500703951
1.01777777778 35.9454907718
1.03111111111 34.777720416
1.04444444444 34.8622489169
1.05777777778 34.8317358816
1.07111111111 34.7878856331
1.08444444444 34.6925481597
1.09777777778 34.6511153483
1.11111111111 34.5885097904
1.12444444444 34.5779052969
1.13777777778 34.5522910647
1.15111111111 34.5151170845
1.16453703704 34.5004674457
1.17787037037 34.4733138961
1.19111111111 34.4429460532
1.20453703704 34.4098814623
1.21777777778 34.3742122569
1.2312037037 34.3349036683
1.24453703704 34.2990567979
1.25777777778 34.2921144805
1.27111111111 34.2493718247
1.28444444444 34.2225462173
1.29787037037 34.1881360033
1.31111111111 34.199946192
1.32453703704 34.1407349151
1.33777777778 34.1066476718
1.3512037037 34.1131741337
1.36444444444 34.0638759735
1.37777777778 34.0344556544
1.39111111111 34.0236982358
1.40453703704 33.9935330109
1.41777777778 33.9856182329
1.4312037037 33.9557912856
1.44453703704 33.9260854638
1.45787037037 33.9193527714
1.4712037037 33.8736585475
1.48453703704 33.8746540954
1.49787037037 33.8644994819
1.51111111111 33.8252179969
1.52444444444 33.8186334261
1.53777777778 33.7603596947
1.5512037037 33.767827765
1.56444444444 33.7063152815
1.57777777778 33.7152397521
1.59111111111 33.712838057
1.60453703704 33.6537416045
1.61777777778 33.6606686928
1.6312037037 33.6075941171
1.64453703704 33.6129897545
1.65787037037 33.6091051643
1.67111111111 33.5624598987
1.73425925926 33.5167571427
1.79972222222 33.4626962772
1.86796296296 33.4369749295
1.93833333333 33.3912908615
2.01148148148 33.326515484
2.08777777778 33.2969488445
2.16657407407 33.2543947726
2.24861111111 33.2250464729
2.33351851852 33.1932986071
2.42148148148 33.1381492251
2.51314814815 33.097652431
2.60796296296 33.0599444019
2.7062037037 33.0015317812
2.80842592593 32.9684579431
2.915 32.9262083729
3.02518518519 32.874364072
3.1387962963 32.8236035084
3.25805555556 32.7652148584
3.38055555556 32.7731450665
3.5087037037 32.6854208044
3.6412037037 32.6378724502
3.77851851852 32.5968285193
3.92101851852 32.560414328
4.06907407407 32.5687741975
4.22296296296 32.5385703058
4.38240740741 32.5038472289
4.54851851852 32.4736877306
4.72027777778 32.4417334146
4.89824074074 32.4146700168
5.08333333333 32.3777778831
5.27564814815 32.3368638828
5.47435185185 32.2981271056
5.72398148148 32.2578857761
5.89675925926 32.2027889927
6.11842592593 32.1622173122
6.34935185185 32.1132465478
6.58925925926 32.0751986169
6.83814814815 32.0322540907
7.09703703704 32.0155005363
7.36490740741 31.9956704933
7.64305555556 31.97770497
7.93138888889 31.9611315046
8.23231481481 32.0424704891
8.54240740741 32.0013554557
8.86527777778 31.9757800331
9.20092592593 31.9335241534
9.54722222222 31.9071242628
9.90833333333 31.880326314
10.2833333333 31.8587474737
10.6722222222 31.8366094894
11.0731481481 31.820060238
11.4925925926 31.8022050111
11.9268518519 31.789851797
12.3759259259 31.7811077076
12.8444444444 31.7857856745
13.3342592593 31.7902658961
13.8425925926 31.8152118625
14.3675925926 31.8311838498
14.9111111111 31.8447590446
15.4722222222 31.8420327224
16.0518518519 31.8748232501
16.6666666667 31.8890631157
17.2824074074 31.9170810735
17.9333333333 31.9401226107
18.6203703704 31.9632113164
19.3259259259 31.9870354832
20.05 32.0136985974
20.8092592593 32.0297625692
21.587962963 32.0340027575
22.4018518519 32.066154371
23.2527777778 32.0951298712
24.1407407407 32.1470077453
25.0462962963 32.1824051367
25.987962963 32.1909071128
27.0027777778 32.223556295
28.0212962963 32.2466716837
29.0435185185 32.2859421745
30.1759259259 32.3209964458
31.3101851852 32.3545062642
32.5009259259 32.3950831339
33.6935185185 32.4268567804
34.9962962963 32.4604466558
36.3018518519 32.4945742537
37.6638888889 32.5237467382
39.0824074074 32.5558189057
40.5583333333 32.6081268209
42.0916666667 32.6529132544
43.6814814815 32.7019560016
45.3305555556 32.7574790342
47.037037037 32.8270208975
48.8027777778 32.916293652
50.6824074074 33.0064727813
52.5657407407 33.1116054991
54.5638888889 33.1975142764
56.6222222222 33.3600887731
58.7407407407 33.5608702209
60.9759259259 33.7712120021
63.2722222222 34.0056937404
65.687037037 34.3202384085
68.162962963 34.7137613289
71.5462962963 35.3349592723
74.3425925926 36.0696123436
77.1490740741 37.087483619
79.9601851852 38.2492668886
82.7944444444 39.7067083857
85.6166666667 41.8070081841
88.4435185185 43.844850865
92.8703703704 45.4324672046
95.962962963 47.6196204605
99.212962963 49.7585683507
103.046296296 56.5107676729
107.25 62.5353179166
111.481481481 99.7176982197
115.666666667 101.64608327
119.814814815 103.537789712
124.314814815 104.904355619
129.324074074 106.721572357
134.527777778 108.527621526
139.75 110.039006545
144.990740741 111.937054075
150.240740741 113.812851652
155.518518519 115.311441108
160.805555556 117.121515869
166.111111111 118.931832251
174.092592593 121.308272873
180.027777778 122.970366923
186.972222222 124.559681209
194.055555556 125.807093628
201.148148148 127.583889854
208.259259259 129.213726655
215.388888889 130.849062114
226.111111111 133.185918901
233.277777778 134.862411039
240.462962963 136.539944586
251.268518519 138.882986775
262.101851852 141.328451526
269.351851852 142.978986257
280.240740741 145.333127581
291.166666667 147.785258823
302.12037037 150.228247303
313.111111111 152.456276944
324.12962963 154.900923154
338.87037037 158.043036152
349.953703704 160.39122112
364.787037037 163.451551713
375.953703704 165.80017066
390.87037037 168.928793342
405.851851852 171.984302059
420.87962963 175.080302548
435.953703704 178.172742685
454.861111111 181.985002566
470.046296296 185.053873366
489.092592593 188.870475264
508.203703704 192.673937403
527.398148148 196.434909646
546.648148148 200.185629092
565.981481481 203.927970656
585.37037037 207.627577539
608.731481481 212.076576578
632.175925926 216.510143989
655.722222222 220.877111618
679.351851852 225.287655885
707.037037037 230.367152862
734.842592593 235.413836921
758.759259259 239.706090669
790.787037037 245.421922532
818.925925926 250.393842174
851.212962963 256.016988362
883.648148148 261.557653338
916.212962963 266.861262753
948.888888889 271.610368542
985.833333333 276.329087787
1022.96296296 280.834375881
1060.46296296 284.836635155
1099.35185185 288.959924613
1144.16666667 293.322073371
1186.11111111 297.315882931
1229.53703704 301.53687864
1279.62962963 306.573781868
1326.57407407 311.410636452
1375.09259259 316.043760687
1425.46296296 320.157482136
1483.61111111 324.96519388
1537.96296296 329.90581869
1594.35185185 335.428112749
1659.35185185 340.91543956
1720.18518519 345.34610503
1783.14814815 350.600545732
1848.51851852 356.913426269
1923.88888889 362.195355445
1994.35185185 367.731067724
2067.5 374.776862044
2143.24074074 379.772493148
2230.64814815 386.321678563
2312.40740741 393.068874752
