magnification abell383 abell1423 abell209 abell2261 abell611 clj1226 macs0329 macs0416 macs0429 macs0647 macs0717 macs0744 macs1115 macs1149 macs1206 macs1311 macs1423 macs1720 macs1931 macs2129 ms2137 rxj1347 rxj1532 rxj2129 rxj2248
1.0 95082.4578842 166566.988269 207370.262896 170147.182994 196319.343816 132016.317891 144178.444181 73154.0796849 161012.616178 180483.887882 116045.815286 183566.940074 163377.73995 44951.4047354 180409.923566 157954.710621 82482.5650774 175009.709478 165253.941462 186555.836091 165818.992654 159783.263503 103898.002485 197794.47258 123797.128288
2.0 6710.45320649 11700.7046746 13461.7139878 27034.4397739 18237.2929577 20231.1130642 26295.6328856 18009.9654279 14087.9728482 31910.3293312 52282.5027188 20960.5633135 18825.4408987 22785.0396526 19885.0619621 15541.9292282 15221.38342 12786.4333365 20633.738938 23578.7787152 15317.9930299 31716.8927912 13401.6671851 13052.0559722 29836.2992344
3.0 1841.41914678 3268.50709796 3608.11269207 10123.6121368 5663.9514662 7521.76038787 10537.6765972 8143.34688386 4305.43075993 12317.6447047 29123.0208489 6965.98815556 6364.536054 13709.4919054 6547.20049387 4924.7878186 6030.43988324 3670.76364377 7021.49673863 8190.95275169 4705.700931 12932.7334088 4850.25927167 3552.02959979 13185.3658328
4.0 809.742674165 1464.96248539 1574.43316674 5220.83354285 2679.82934785 3880.99402865 5668.72326677 4677.02030228 2026.16320831 6418.77721244 18396.7100794 3390.88331698 3149.47228914 9153.56508939 3180.30032846 2351.41416479 3200.67447466 1679.63556919 3443.43865172 4091.44893252 2203.47422411 6967.98815192 2523.52455811 1569.79604427 7432.96914796
5.0 448.964092456 826.530213501 871.429480905 3177.44974356 1560.70133612 2369.92519818 3552.7702369 3053.46949011 1178.11214893 3918.08108927 12603.6053891 1999.34787757 1884.73629132 6541.80470532 1876.53627372 1375.56734902 1981.18995317 963.443677637 2033.89160846 2454.424432 1271.45910905 4351.52870852 1572.14742988 878.221966424 4780.63183407
6.0 284.935061358 532.715039816 553.544506167 2138.41401318 1026.3693361 1602.19057469 2443.5597556 2159.23945654 774.677889428 2636.06041846 9138.04630686 1320.83964446 1261.75035144 4904.66242925 1242.20606178 906.554875274 1347.85370264 629.525259169 1342.94199261 1641.92101425 829.327438135 2977.02821241 1088.78119125 563.008984773 3339.79910774
7.0 197.329932174 373.978197815 384.169276287 1539.24395619 730.302480447 1159.06951889 1788.69802148 1612.44685254 551.48685125 1894.00991383 6908.39666918 940.199470248 908.908510941 3810.58698723 886.567120248 645.593682078 977.346767417 447.121229327 954.532680281 1180.03552179 585.809481015 2166.55247618 807.773845813 393.879488342 2469.33063558
8.0 145.182111242 278.470141362 283.411252807 1162.41605979 548.892370449 879.865202326 1368.99667649 1252.73489354 414.78893599 1426.73687995 5393.58504258 705.270197141 689.188506077 3043.34116733 667.003187915 485.26242327 741.927117305 336.313919654 714.739729795 891.993971847 437.422094611 1648.63928883 628.757481288 292.637254477 1902.69081051
9.0 111.631162063 216.407156989 218.559362483 909.914170175 429.399872598 692.325476135 1083.3558713 1002.94651574 324.729050707 1113.69283103 4319.90133555 549.907855369 542.67029448 2484.66436656 521.677192331 379.471244349 582.980979362 263.692516465 556.27080122 699.90368778 340.182311736 1297.49026868 506.933661625 227.104152475 1512.83947039
10.0 88.7495135005 173.687042756 174.284070256 732.345698757 346.295923634 560.077513484 879.836276578 822.117369829 262.058601256 893.786704347 3532.6368975 441.66318724 439.788686474 2065.37622871 420.301133258 305.817284663 470.562829001 213.319244389 445.999484521 565.13426392 272.877491535 1048.34423229 419.802040246 182.131719113 1232.91797137
11.0 72.422531354 142.940965662 142.645531496 602.63525862 286.005792581 463.18759103 729.497138975 686.812262328 216.556762305 733.409499771 2939.12527376 363.111662279 364.580084068 1742.78653072 346.62632055 252.350638917 388.080370303 176.810602804 366.101807018 466.754855623 224.26731223 865.101313108 355.02037333 149.841263523 1024.98702524
12.0 60.345268404 120.014382682 119.201567075 504.933097742 240.767127347 389.98314249 615.156038483 582.813648977 182.383788593 612.843235644 2481.18616949 304.216795496 307.800804083 1489.38104431 291.29805559 212.22144292 325.736952297 149.411455681 306.300389224 392.617429413 187.945529022 726.343010602 305.339330182 125.807921888 866.202328464
13.0 51.1457278346 102.419092139 101.309766883 429.458237158 205.876541268 333.25606655 526.077873679 501.077374396 156.002672462 519.904924818 2120.83796667 258.864288794 263.790953652 1286.77461896 248.618230822 181.271311798 277.444739866 128.258169514 260.331745938 335.272794248 160.042660635 618.706248821 266.261929936 107.390209591 742.132937885
14.0 43.9658566422 88.5897921829 87.3179336164 369.907622771 178.346285447 288.356889131 455.268717848 435.62076073 135.166828685 446.739587884 1832.45634452 223.15460041 228.923228948 1122.30193359 214.952370564 156.854748102 239.258038225 111.540073026 224.201517368 289.942881756 138.108057343 533.501331399 234.871251343 92.9310074619 643.294367618
15.0 38.2465504198 77.5007900599 76.1493973857 322.069724995 156.202455692 252.175361213 398.009568167 382.354214019 118.391851099 388.098795584 1598.26102552 194.503962815 200.783005955 987.0073094 187.891632439 137.221902929 208.527813995 98.0650598646 195.264225985 253.445856387 120.52730159 464.878028392 209.203668363 81.3470565101 563.242149471
16.0 33.6106780906 68.4564949062 67.0776652768 283.042765903 138.097032824 222.565689535 351.020284759 338.40294378 104.66373318 340.36778233 1405.61094054 171.14427913 177.710502818 874.413402081 165.786898062 121.176665122 183.421518947 87.0210909623 171.710753402 223.594571329 106.200904095 408.779783854 187.895147938 71.9052551004 497.471433995
17.0 29.796227227 60.9711430411 59.597734902 250.773958402 123.082977707 198.007727363 311.961857582 301.696815011 93.2698137285 300.991144296 1245.32580824 151.831722312 158.533030852 779.741800157 147.477395304 107.878114189 162.6383509 77.8387099058 152.269490772 198.844192698 94.358465527 362.321395298 169.972358346 64.0945764692 442.755200651
18.0 26.6164591274 54.6968054734 53.3494398455 223.777468719 110.478461159 177.399511744 279.128943475 270.713499596 83.6967579109 268.120932581 1110.6126159 135.670090136 142.402111806 699.405353008 132.126222902 96.7204901471 145.23404252 70.1084298447 136.025111951 178.077570834 84.4467370769 323.404909193 154.724417607 57.5495834251 396.731952767
19.0 23.9352877272 49.3787164228 48.0700977362 200.956026483 99.7819871611 159.925975166 251.253764459 244.312664487 75.5667916272 240.393928795 996.360486443 122.000001377 128.690955537 630.669066604 119.117185984 87.2580656268 130.50953282 63.5292846337 122.304884531 160.47002875 76.0597901475 290.474913555 141.621466874 52.0030688623 357.640846744
20.0 21.6515791803 44.826672171 43.5643184524 181.484811954 90.6176904291 144.973436176 227.377483402 221.626038955 68.5966071396 216.786630776 898.666473834 110.327287765 116.927982934 571.418485722 107.988121169 79.1566767745 117.938215074 57.8757746311 110.605205574 145.401636725 68.894103693 262.358250666 130.26143805 47.2557908323 324.146896621
21.0 19.6888591585 40.8962078147 39.6842106841 164.733944193 82.699123573 132.072474584 206.763729468 201.98279206 62.5701572179 196.518443369 814.509883072 100.275485182 106.752578409 519.99830946 98.3866540306 72.1616088604 107.117200624 52.9760414312 100.542875065 132.398800918 62.7188912684 238.156420385 120.334345418 43.1565882423 295.222844861
22.0 17.9883978905 37.4759033733 36.3160819597 150.215561896 75.8047080701 120.858898743 188.839170769 184.857804817 57.3202094206 178.98559602 741.524332493 91.5535706593 97.8849469467 475.097912242 90.0401473063 66.0758095088 97.7339428183 48.6971035273 91.8220196949 121.094465164 57.3560241934 217.171760121 111.59777891 39.5889921236 270.067618898
23.0 16.5044618186 34.478635213 33.3713034449 137.546960703 69.7607356986 111.046531571 173.151864311 169.83513209 52.715570953 163.715126874 677.835480803 83.9335919498 90.1051496271 435.668813141 82.7348575455 60.7447933556 89.5429242093 44.9346504394 84.2111706025 111.200431445 52.666155652 198.855798767 103.859738432 36.4620111437 248.048962452
24.0 15.2009884336 31.8354277959 30.7799104994 126.424446485 64.4293719811 102.407889275 159.34154452 156.581752485 48.6520703098 150.332259803 621.943699956 77.2348635724 83.2382486967 400.864296833 76.3012048175 56.045983036 82.3490806364 41.605849826 77.5270794403 102.48774975 48.5389456907 182.772482099 96.966387775 33.7036642363 228.662376811
25.0 14.0492161494 29.4910561502 28.4860393081 116.604483428 59.7000429932 94.760236705 147.118086344 144.828417431 45.0460802888 138.536897449 572.638038993 71.3126115633 77.1436031507 369.994644315 70.6031846979 51.8810529228 75.995824051 38.6441886692 71.6230980123 94.7725908629 44.8860554233 168.571566438 90.793172309 31.2563602603 211.50127494
26.0 13.0259675799 27.4008499521 26.4446199366 107.889897955 55.4831541647 87.9553718883 136.245665013 134.355482651 41.8297929366 128.086430702 528.932312729 66.0496885188 71.7070364584 342.493527496 65.5306397115 48.1703437133 70.3562605164 35.9957141964 66.380706111 87.9059135146 41.6360468013 155.969087578 85.2382789189 29.0735437783 196.234976981
27.0 12.1123877691 25.5283368849 24.6189444518 100.119644461 51.7054441447 81.8720398575 126.530949787 124.982290818 38.9477231131 118.782996395 490.017058147 61.3504435912 66.8350254382 317.892497118 60.9935383053 44.8487297119 65.3266642321 33.6162549178 61.703247879 81.7658014928 38.7306163391 144.732832044 80.2177540749 27.1172241401 182.592275586
28.0 11.293004321 23.8434816232 22.9788543935 93.161118143 48.3065031319 76.4102282835 117.814196478 116.559121321 36.354087278 110.463914441 455.223020787 57.1361284458 62.4503334016 295.801411823 56.9176851512 41.8625211447 60.8215681188 31.4693389271 57.511241431 76.2517083349 36.1217773883 134.67139713 75.6618136281 25.3561307668 170.349014424
29.0 10.5550186557 22.3213537515 21.4993731153 86.9043144582 45.2361324783 71.4868285938 109.96245124 108.961020051 34.0108147652 102.994428754 423.993121063 53.3414135434 58.4886899502 275.893279132 53.2414665003 39.1671145148 56.7700285445 29.524615503 53.7388250687 71.2800840933 33.7697266555 125.625860387 71.5120210703 23.764318935 159.318596478
30.0 9.88776547535 20.9411087546 20.1596620313 81.257344418 42.4523201307 67.0323005592 102.86431124 102.083022632 31.8860222042 96.2621385892 395.860727449 49.9117175594 54.8962391518 257.892407972 49.9133538295 36.7251907196 53.112753558 27.7566448911 50.3310353283 66.7810163906 31.6412108718 117.463370129 67.7191068111 22.3201040716 149.344657253
31.0 9.28229618477 19.6852003641 18.9422156626 76.1429570798 39.9196723999 62.9880830021 96.4258466473 95.8364219411 29.9528312427 90.1726847649 370.432669391 46.8011394788 51.6275585842 241.565071714 46.8899697446 34.5053191622 49.7998735531 26.1439607654 47.2417011396 62.6956247518 29.7082635294 110.07216642 64.2412661986 21.0052386019 140.295355764
32.0 8.7310547147 18.5387658469 17.8322347876 71.495818393 37.6081876911 59.3045653332 90.5673981448 90.1458263892 28.188443624 84.6463775264 347.375846885 43.9708423727 48.6441072248 226.71209212 44.1345754493 32.4808661697 46.7891950252 24.6683369515 44.4317994082 58.9740205556 27.9472185478 103.357678639 61.0428190131 19.8042699656 132.058887066
33.0 8.22762297 17.4891419553 16.8171338627 67.2603637866 35.4922891813 55.939484916 85.2210410404 84.9468227223 26.5734112168 79.6155381544 326.406594117 41.3877792026 45.912998823 213.162905902 41.6158775806 30.6291338913 44.044821242 23.3142087954 41.8681597473 55.5736960627 26.3379333519 97.2394413365 58.0931446692 18.7040354061 124.539926124
34.0 7.76651926393 16.5254805769 15.8861506838 63.3890900797 33.550055501 52.8566508126 80.3285616321 80.1841051219 25.0910551753 75.0223866456 307.282169927 39.0236801218 43.4060246823 200.770784903 39.3070793284 28.9306754555 41.5360541831 22.0682127663 39.5224359506 52.4582420562 24.8631718609 91.6486377966 55.3658297052 17.693261048 117.656788215
35.0 7.34303745363 15.6384411653 15.0300346279 59.8411867535 31.7626042004 50.024919894 75.8398306085 75.8099670116 23.7270002164 70.81735086 289.793903769 36.8542415044 41.0988692702 189.408960762 37.1851200947 27.36874615 39.2365139778 20.9188172953 37.3702830832 49.5963193966 23.5081107035 86.5261293053 52.8379801717 16.7622412396 111.33914527
36.0 6.95311761259 14.8199428155 14.2407958196 56.5814315336 30.1135941118 47.4173696978 71.7114866775 71.783077206 22.4687985187 66.9577036367 273.761640007 34.8584719081 38.9704761666 178.967463842 35.2300618994 25.9288604624 37.1234278988 19.8560246199 35.390694409 46.9608284173 22.2599412031 81.8208632642 50.4896631723 15.9025802051 105.526176992
37.0 6.59324133959 14.0629630488 13.5115019201 53.5792934184 28.5888209768 45.0106258601 67.9058644407 68.0674806141 21.3056239529 63.4064570928 259.029207577 33.0181610873 37.0025321399 169.350530007 33.4245909058 24.5984321649 35.1770525497 18.8711283385 33.5654635462 44.5282336731 21.1075463915 77.4885790679 48.3034503415 15.1069824665 100.165064527
38.0 6.26034646104 13.3613734544 12.8361124276 50.8081997126 27.1758867809 42.7843118745 64.3901159327 64.6317775166 20.2280219179 60.1314600606 245.46070486 31.3174462055 35.1790447326 160.474461738 31.7536099285 23.3664800311 33.3802014383 17.9565150056 31.8787454653 42.2780115802 20.041237242 73.4907496833 46.2640423663 14.3690817283 95.2097559425
39.0 5.95175710975 12.7098046261 12.2093427388 48.2449336059 25.8639277507 40.7205963192 61.1354867574 61.4484457782 19.227703453 57.1046570749 232.93743675 29.7424553619 33.4859943781 152.265854952 30.2039033502 22.2233857877 31.7178564943 17.1055007912 30.3166960476 40.1921959388 19.0525359781 69.7937110629 44.3579583822 13.6833003152 90.6199487765
40.0 5.66512607821 12.1035345355 11.6265519827 45.8691363392 24.6433893484 38.8038182512 58.1167164139 58.493278178 18.2973748372 54.3014766635 221.355376614 28.2810130239 31.9110463159 144.660121876 28.7638600437 21.1606939164 30.1768468863 16.312196243 28.8671744967 38.2550019312 18.1339970506 66.3679421977 42.5732776365 13.0447330451 86.3602470617
41.0 5.39838703315 11.5383957809 11.0836499666 43.662893669 23.5058391582 37.0201756682 55.3115389876 55.7449129948 17.4305958119 51.7003237635 210.623053053 26.9223953313 30.4433107781 137.600254868 27.4232430528 20.1709451926 28.7455821145 15.5713937192 27.5194963455 36.4525134224 17.2790584477 63.1874667096 40.8994235175 12.4490507692 82.3994593905
42.0 5.14971470061 11.0106981241 10.5770195788 41.6103906751 22.4438105005 35.3574651516 52.7002654088 53.1844405577 16.6216610277 49.2821564721 200.659782327 25.6571258187 29.0731423727 131.035787377 26.1729971863 19.2475375845 27.4138291313 14.8784732143 26.2642274361 34.7724216214 16.4819175763 60.2293530593 39.3269821232 11.8924198379 78.7100116481
43.0 4.91749153045 10.5171634845 10.1034517666 39.6976222749 21.4506711066 33.8048632721 50.2654323633 50.7950719987 15.8655004376 47.0301314775 191.394183472 24.4768040732 27.7919714691 124.921916942 25.005087525 18.3846094629 26.1725253662 14.2293231965 25.0930112606 33.2038056464 15.7374271587 57.4732952049 37.847549142 11.3714345365 75.2674534624
44.0 4.7002796567 10.0548711363 9.6600907984 37.9121493835 20.520512341 32.3527422479 47.9915059401 48.5618591959 15.1575952348 44.9293057106 182.762925719 23.3739613744 26.5921618518 119.21876205 23.9123632675 17.5769411037 25.013621187 13.62027376 23.998423612 31.7369474557 15.0410075218 54.9012592277 36.4536000627 10.8830601407 72.0500416341
45.0 4.49679720896 9.62121130736 9.2443879813 36.2428926592 19.6480553555 30.992513838 45.8646304551 46.4714570422 14.4939066023 42.966384247 174.709667699 22.341938549 25.4668900406 113.89073002 22.8884424498 16.8198712607 23.9299466061 13.0480399325 22.9738497021 30.3631751031 14.3885723787 52.4971843122 35.1383796993 10.4245847135 69.0383871056
46.0 4.30589821597 9.21384572728 8.85406236487 34.6799573441 18.8285712621 29.7164966158 43.872414726 44.5119208682 13.8708150779 41.1295064354 167.184155686 21.3747822035 24.4100425692 108.905977395 21.9276139425 16.1092262177 22.9150980555 12.5096733982 22.0133798522 29.0747294496 13.7764657707 50.2467287207 33.895807786 9.99357813073 66.2151546108
47.0 4.12655548891 8.83067395397 8.48706724337 33.2144839438 18.057812968 28.517802694 42.0037495374 42.672533191 13.2850687513 39.4080637633 160.141454265 20.4671562285 23.416128213 104.235947709 21.0247538153 15.4412592177 21.963341844 12.0025212259 21.1117206046 27.8646503881 13.2014082818 48.1370531793 32.7203979997 9.58785711425 63.5648061963
48.0 3.95784598731 8.46980452285 8.1415614928 31.838520472 17.331956753 27.3902406965 40.2486511851 40.9436550233 12.7337388448 37.7925441838 153.541287718 19.6142660496 22.4802027189 99.8549742215 20.1752536983 14.8125985614 21.0695315398 11.5241904536 20.2641186984 26.7266793679 12.6604509922 46.1566355001 31.6071882494 9.20545527921 61.0733814292
49.0 3.7989382622 8.12953014011 7.81588495623 30.5449127652 16.6475520201 26.3282323609 38.5981269188 39.316597837 12.2141814893 36.2743985947 147.347474325 18.8117935616 21.5978040287 95.739937418 19.3749592048 14.2202029768 20.2290370283 11.0725175916 19.4662958146 25.6551755944 12.1509359165 44.295111391 30.5516804609 8.84459738346 58.7283084049
50.0 3.64908164442 7.80830628001 7.50853723249 29.3272099995 16.0014779286 25.3267406172 37.0440588387 37.783512958 11.724004722 34.8459259372 141.527438947 18.0558410502 20.7648963485 91.86996882 18.6201168236 13.6613231131 19.4376833911 10.645542271 18.7143923792 24.6450437441 11.6704618988 42.5431373029 29.5497883901 8.50367711408 56.5182407106
51.0 3.50759690484 7.50473265879 7.2181593374 28.1795830423 15.3909058492 24.381207367 35.5791034033 36.3372957278 11.2610398992 33.5001740001 136.051791767 17.3428827052 19.9778217021 88.2261941035 17.9073279694 13.1334682097 18.6916980824 10.2414844005 18.0049190088 23.6916714145 11.2168551159 40.8922718926 28.5977922546 8.18123786171 54.4329163448
52.0 3.37386816043 7.21753714815 6.94351779835 27.0967536808 14.813266755 23.4874994919 34.196604189 34.9715022157 10.8233168592 32.2308535218 130.893963159 16.6697225683 19.2332578388 84.7915096832 17.233509103 12.6343771571 17.9876651358 9.85872430213 17.3347144299 22.7908748319 10.7881434876 39.3348732637 27.692299173 7.87595602867 52.4630352688
53.0 3.24733583887 6.94556176545 6.68349081747 26.0739330996 14.2662228195 22.6418618646 32.8905159368 33.6802766338 10.4090422771 31.0322635889 126.029886321 16.0334579538 18.5281815541 81.550387882 16.5958570187 12.1619932967 17.3224853523 9.49578538751 16.7009089016 21.938851589 10.3825344096 37.8640096296 26.8302085697 7.58662649318 50.6001528292
54.0 3.12749054546 6.68775043715 6.43705619962 25.1067682474 13.7476426056 21.8408763405 31.6553382423 32.4582879098 10.0165807501 29.8992266624 121.437720668 15.4314475403 17.8598366386 78.4887065878 15.9918185431 11.7144424131 16.69334159 9.15131900486 16.1008923299 21.1321393868 9.99839532255 36.4733814266 26.0086818379 7.31214991463 48.8365867365
55.0 3.01386770163 6.44313828181 6.20328079055 24.1912949555 13.255579334 21.081425873 30.4860575138 31.3006741165 9.6444382223 28.8270318365 117.097610137 14.8612834598 17.2257057958 75.5935999502 15.4190640127 11.2900134636 16.0976684218 8.82409114975 15.5322863979 20.3675799208 9.63423671009 35.1572532307 25.2251156658 7.05152161591 47.1653356628
56.0 2.90604284549 6.21084219893 5.9813112117 23.3238968528 12.788251799 20.3606630301 29.3780960358 30.2029936632 9.29124742306 27.8113851576 112.991471468 14.3207668225 16.6234859722 72.8533272036 14.8754639987 10.8871416598 15.5331255418 8.51297077902 14.9929201401 19.6422871875 9.28869718212 33.9103940898 24.4771185252 6.80382182104 45.5800078257
57.0 2.80362750206 5.99005258353 5.77036571161 22.5012692691 12.3440275658 19.6759823045 28.3272671603 29.1611823243 8.95575504084 26.8483660162 109.102808297 13.8078861968 16.0510666324 70.2571571505 14.3590688304 10.5043935756 14.9975744006 8.21691950884 14.4808084824 18.9536196016 8.9605303553 32.7280251015 23.7624898953 6.5682070609 44.0747581808
58.0 2.70626554509 5.78002601398 5.56972698146 21.7203874468 11.9214081421 19.0249957018 27.3297357948 28.1715153173 8.6368103995 25.9343887761 105.416547524 13.3207986457 15.5065105812 67.7952662081 13.8680905367 10.1404540099 14.4890576274 7.93498251068 13.9941333418 18.2991554066 8.6485932856 31.6057732478 23.0792018609 6.34390258868 42.6442330537
59.0 2.61362998438 5.58007878349 5.37873580582 20.9784784804 11.5190158611 18.4055111679 26.3819834828 27.2305737632 8.33335543732 25.0661689342 101.918894984 12.8578129737 14.9880369954 65.4586482317 13.4008868834 9.79411436782 14.0057808653 7.66628044728 13.5312269407 17.6766709396 8.3518362457 30.5396306462 22.4253827768 6.13019567061 41.2835212211
60.0 2.52542012219 5.38958116501 5.19678543849 20.2729964923 11.1355822512 17.8155134855 25.480777474 26.3352149594 8.04441581916 24.2406932095 98.5972078553 12.4173748958 14.4940063772 63.2390345898 12.955947231 9.4642623628 13.5460967007 7.41000231352 13.0905570444 17.0841213761 8.06929367025 29.5259185019 21.7993027341 5.92642963736 39.9881105938
61.0 2.44135903101 5.20795231517 5.02331660968 19.6016006243 10.7699377036 17.2531473176 24.6231432714 25.4825459748 7.76909303657 23.4551930461 95.4398816289 11.9980538782 14.022907182 61.1288231819 12.5318799795 9.14987287008 13.108490416 7.1653990671 12.6707138704 16.5196236355 7.80007611829 28.5612551505 21.1993606029 5.73199859835 38.7538497798
62.0 2.36119131132 5.03465573666 4.85781308423 18.9621354845 10.4210022723 16.7167021282 23.806340215 24.6699001514 7.50655737146 22.7071210932 92.43624978 11.5985314387 13.5733439121 59.1210152758 12.1274013969 8.84999978512 12.6915673306 6.93177794981 12.2703984563 15.9814411733 7.54336312351 27.642527669 20.6240724563 5.54634273504 37.5769139078
63.0 2.2846810943 4.86919522942 4.6997977019 18.3526137416 10.0877774658 16.2045987444 23.0278397224 23.8948161489 7.25604161644 21.9941302849 89.5764945368 11.2175907238 13.1440264916 57.2091591991 11.7413256608 8.56376876251 12.2940415328 6.70849741445 11.8884123032 15.4679704244 7.29839682135 26.7668666063 20.0720612096 5.36894410134 36.4537741789
64.0 2.21161025924 4.7111112711 4.54882884041 17.7712005994 9.76933891082 15.7153773579 22.2853058608 23.155019225 7.01683545936 21.3140551954 86.8515673697 10.8541072044 12.7337607682 55.3873000476 11.3725559632 8.29037072727 11.9147258291 6.49496258388 11.523648136 14.9777286954 7.06447625752 25.9316234466 19.5420473268 5.19932286902 35.381170688
65.0 2.14177683934 4.55997777499 4.40449725009 17.2161999236 9.46482978097 15.2476867922 21.5765779691 22.4484044799 6.78828045271 20.6648953921 84.2531180123 10.5070403553 12.3414400062 53.6499346893 11.0200765497 8.02905606558 11.5525227625 6.29062117882 11.1750816451 14.5093433304 6.84095229534 25.1343504731 19.0328404723 5.03703396453 34.3560881194
66.0 2.07499359354 4.41539918083 4.26642321574 16.6860418228 9.17345490195 14.8002748845 20.8996550849 21.7730218335 6.5697654985 20.044800544 81.7734309856 10.1754262009 11.9660372532 51.9919714379 10.6829455834 7.77912941436 11.2064165729 6.09495985928 10.8417640913 14.0615419989 6.6272230506 24.3727827436 18.5433319961 4.88166405101 33.3757339728
67.0 2.01108672463 4.27700783957 4.13425400745 16.1792715097 8.89447545284 14.3719798517 20.2526819662 21.1270625343 6.36072278894 19.4520570781 79.4053687359 9.85837062414 11.6065984787 50.4086938512 10.3602887344 7.53994497975 10.8754659862 5.90750093187 10.5228156721 13.6331439745 6.42272979217 23.644821929 18.0724881585 4.73282881503 32.4375190238
68.0 1.94989472673 4.14446165848 4.00766158684 15.6945392964 8.6272041958 13.9617225254 19.6339365221 20.5088470216 6.16062415057 18.8850762008 77.1423206105 9.55504335195 11.2622363968 48.8957281797 10.0512934146 7.31090232356 10.5587977376 5.72779938134 10.2174195608 13.2230522898 6.22695325432 22.9485217964 17.6193440117 4.59017052336 31.5390397591
69.0 1.89126734732 4.01744197711 3.88634053984 15.230591591 8.37100117421 13.568499359 19.0418184936 19.9168139894 5.96897774648 18.3423831286 74.9781569991 9.26467253807 10.9321248952 47.4490140521 9.75520358064 7.09144256482 10.2556007433 5.55544019005 9.92481654143 12.8302466681 6.03941031408 22.2820751489 17.182997865 4.45335581886 30.6780625621
70.0 1.83506465098 3.8956516483 3.77000621041 14.786262784 8.12526982712 13.1913761185 18.4748392431 19.3495105169 5.78532509663 17.8226073887 72.9071880527 8.98653987753 10.6154940029 46.0647780362 9.47131504496 6.88104494988 9.96512084857 5.39003591354 9.64430017168 12.4537771454 5.8596509926 21.6438020575 16.7626062706 4.32207372927 29.8525094508
71.0 1.78115617337 3.77881330193 3.65839301314 14.3604679245 7.88945347418 12.8294821818 17.9316125297 18.8055831492 5.60923838162 17.3244740711 70.9241264662 8.71997619309 10.3116253382 44.7395097574 9.19897123593 6.67922375073 9.68665608668 5.23122448432 9.37521241539 12.0927583046 5.68725574472 21.0321392399 16.3573794739 4.19603386518 29.0604451971
72.0 1.72942015573 3.66666777147 3.5512529053 13.9521960992 7.66303213107 12.4820053804 17.4108461649 18.2837698234 5.44031799923 16.8467959253 69.0240538749 8.46435744211 10.0198479841 43.4699402967 8.9375593601 6.48552545566 9.41955239344 5.07866721947 9.11693969311 11.7463640575 5.52183300541 20.4456304607 15.9665772798 4.0749647869 28.300065676
73.0 1.67974285123 3.55897266602 3.448354001 13.5605044385 7.44551962005 12.1481873249 16.9113344506 17.7828925507 5.27819034678 16.3884662112 67.2023904701 8.21910109866 9.73953474639 42.2530226241 8.68650692253 6.29952622127 9.16319972754 4.93204701053 8.86890930519 11.4138229148 5.36301696531 19.8829178423 15.5895052905 3.95861252224 27.5696873118
74.0 1.6320178953 3.4555010726 3.34947931271 13.1845126824 7.23646094468 11.827319163 16.4319513193 17.3018507741 5.12250580572 15.9484522219 65.454867488 7.98366287087 9.47009875357 41.0859138505 8.44527856754 6.12082955802 8.91702855333 4.79106667653 8.63058618777 11.0944136915 5.2104655513 19.3427339884 15.2255114779 3.84673921921 26.8677375047
75.0 1.58614573354 3.35604037509 3.25442560666 12.8233982474 7.03542990112 11.5187377238 15.9716441017 16.8396153317 4.97293690736 15.525789407 63.7775022645 7.75753371839 9.21099036361 39.9659591094 8.21337320645 5.94906422519 8.68050664779 4.65544746366 8.40146996658 10.787461604 5.06385859057 18.823894835 14.873983056 3.73912191976 26.1927459354
76.0 1.54203310097 3.26039117799 3.16300236043 12.4763917413 6.84202690198 11.2218220109 15.529427856 16.3952229624 4.82917666143 15.1195760346 62.1665755877 7.5402371388 8.96169434576 38.8906768983 7.99032140266 5.78388231367 8.45313619804 4.5249276764 8.18109227761 10.4923347174 4.92289613928 18.3252931521 14.5343436232 3.63555144211 25.5433366561
77.0 1.49959254753 3.16836632432 3.07503081242 12.1427728808 6.65587699111 10.9359900055 15.1043802041 15.9677712999 4.6909370309 14.7289683347 60.6186111098 7.33132669569 8.72172730987 37.8577457324 7.77568298803 5.62495749755 8.23445115931 4.39926142731 7.96901432721 10.2084407071 4.78729695908 17.8458926302 14.2060505485 3.53583136083 24.9182208874
78.0 1.4587420052 3.07978999836 2.99034309393 11.8218667713 6.47662803034 10.6606957508 14.6956366204 15.5564143049 4.55794753853 14.3531760766 59.1303566072 7.13038376382 8.49063535845 36.8649919781 7.56904488724 5.47198343772 8.02401484715 4.27821749342 7.76482466745 9.93522390451 4.65679712662 17.3847224915 13.888592577 3.43977707479 24.3161904511
79.0 1.41940439242 2.99449690487 2.90878143574 11.5130405113 6.30394904119 10.3954266893 14.3023861312 15.1603580933 4.42995399239 13.9914585349 57.6987669025 6.93701546993 8.26799193962 35.9103787478 7.37001912963 5.32467232235 7.82141774025 4.16157826917 7.56813716524 9.67216259694 4.53114876297 16.9408725735 13.5814876347 3.34721495446 23.7361117731
80.0 1.38150725233 2.91233151739 2.8301974418 11.2157000901 6.13752868664 10.1397012262 13.923867382 14.7788571203 4.30671731856 13.6431208068 56.3209882814 6.7508528099 8.05339588138 34.9919957532 7.17824103019 5.18275353106 7.62627547318 4.04913880637 7.37858914601 9.41876655837 4.41011887106 16.5134888382 13.2842808126 3.25798156082 23.1769204032
81.0 1.3449824215 2.83314738894 2.75445142375 10.9292875509 5.9770738793 9.89306650057 13.5593650391 14.4112106877 4.18801249097 13.3075104456 54.9943442589 6.57154892512 7.84646958983 34.1080500233 6.99336752325 5.04597241075 7.43822700037 3.94070593311 7.19583969503 9.17457478775 4.29348827085 16.1017692645 12.9965425141 3.17192292909 22.6376159993
82.0 1.30976572614 2.75680651932 2.68141179033 10.6532783924 5.82230850426 9.65509634058 13.208206491 14.0567597413 4.07362754909 12.9840143791 53.7163225613 6.39877752289 7.64685739583 33.2568574038 6.81507563452 4.91408915261 7.25693291484 3.83609744403 7.01956810116 8.9391534355 4.18105062285 15.7049600888 12.7178667507 3.08889391103 22.1172577324
83.0 1.27579670338 2.68317877365 2.61095448658 10.3871791861 5.67297224561 9.42538938854 12.8697588243 13.7148839336 3.96336269532 12.672056087 52.4845632083 6.23223142716 7.45422403617 32.4368347641 6.64306107827 4.7868777607 7.08207390701 3.7351413556 6.84947242952 8.71209390039 4.07261153165 15.3223523578 12.4478695712 3.0087575705 21.6149600723
84.0 1.24301834502 2.61214134743 2.54296247818 10.1305253909 5.52881950736 9.20356737777 12.5434260452 13.3849989246 3.85702946468 12.3710930116 51.2968475894 6.07162124742 7.26825325682 31.6464928463 6.4770369681 4.66412510371 6.91334935026 3.63767522021 6.68526821088 8.49301108074 3.96798772205 14.9532787665 12.1861876142 2.93138462722 21.1298889184
85.0 1.21137686199 2.54357827394 2.47732527689 9.88287934399 5.38961841984 8.98927354841 12.2286465263 13.0665539009 3.75444996029 12.0806141801 50.1510884424 5.91667415485 7.08864652721 30.8844296945 6.31673263083 4.54563004221 6.75047600151 3.54354549394 6.52668723713 8.28154176606 3.8670062811 14.5971107531 11.9324767716 2.85665294451 20.661258043
86.0 1.1808214673 2.47737997008 2.41393850321 9.64382841407 5.2551499241 8.78217118904 11.9248906575 12.7590292915 3.65545614864 11.8001380198 49.0453206486 5.76713275588 6.91512185534 30.1493246143 6.16189251419 4.43120262463 6.59318680627 3.45260695319 6.37347645292 8.07734315603 3.76950396003 14.2532558287 11.6864109538 2.78444705686 20.2083258198
87.0 1.15130417613 2.41344281733 2.35270348309 9.41298330073 5.12520692721 8.58194229295 11.631658681 12.4619346636 3.55988920941 11.529210347 47.9776927708 5.6227540545 6.74741269486 29.4399326112 6.01227517982 4.32066334572 6.44122979856 3.36472215576 6.22539693484 7.8800914956 3.67532653077 13.9211551182 11.4476809473 2.71465773395 19.7703922105
88.0 1.1227796213 2.35166877461 2.29352687552 9.18997646748 4.99959352225 8.38828631872 11.348478697 12.1748067822 3.46759893491 11.2674025156 46.9464592655 5.48330849518 6.58526693604 28.7550792675 5.86765237405 4.2138424621 6.2943670873 3.2797609427 6.0822229503 7.68948081576 3.58432819215 13.6002810962 11.2159933583 2.6471815779 19.3467959869
89.0 1.09520488286 2.29196502045 2.2363203285 8.97446069634 4.87812426741 8.20091904602 11.0749048218 11.8972078189 3.37844317507 11.0143097101 45.9499733102 5.3485790795 6.42844597314 28.0936560177 5.72780816966 4.11057935984 6.15237392133 3.1975999772 5.94374108902 7.50522177081 3.49637102139 13.2901354982 10.9910696321 2.58192065071 18.9369121677
90.0 1.06853933058 2.23424362177 2.18100016068 8.76610775345 4.76062351907 8.01957151827 10.8105154874 11.6287236968 3.29228732374 10.76954937 44.9866801888 5.21836054993 6.27672384179 27.4546157869 5.59253817242 4.01072196948 6.0150378263 3.11812231759 5.80974946082 7.32704056356 3.41132446712 12.9902473926 10.7726451454 2.51878212954 18.5401496511
91.0 1.04274447825 2.1784212271 2.12748706677 8.5646071559 4.64692481415 7.84398906476 10.5549118691 11.3689625602 3.20900384312 10.5327597355 44.0551111886 5.09245863506 6.12988642028 26.8369689627 5.46164878686 3.91412622469 5.88215780706 3.04121702137 5.68005695394 7.15467795115 3.32906488009 12.7001713997 10.5604683625 2.45767798728 18.1559490267
92.0 1.01778384866 2.12441878222 2.07570584441 8.36966503119 4.53687029785 7.67393039528 10.3077164306 11.1175533583 3.12847182284 10.3035985019 43.153877962 4.97068935095 5.98773068949 26.239779669 5.3349565363 3.82065556059 5.75354360999 2.96677877789 5.55448254868 6.98788832444 3.24947507866 12.4194860445 10.3543000521 2.39852469636 17.7837805504
93.0 0.993622848547 2.07216126629 2.02558514099 8.1810030614 4.43031019268 7.50916676138 10.0685715766 10.8741445327 3.05057657099 10.0817415756 42.2816673148 4.85287835388 5.85006404645 25.6621623191 5.2122874325 3.73018044866 5.62901504015 2.8947075671 5.43285468176 6.82643885485 3.17244394598 12.1477922326 10.1539125586 2.34124295385 17.4231422691
94.0 0.970228652556 2.02157744675 1.97705721855 7.99835750496 4.32710230564 7.34948117853 9.83713840374 10.6384028013 2.97520923441 9.86688192156 41.4372363835 4.73886034031 5.71670366717 25.1032784222 5.0934763909 3.642577965 5.50840132862 2.82490834254 5.31501065701 6.67010870308 3.09786605623 11.8847118378 9.95908912428 2.28575742622 17.0735582834
95.0 0.947570095465 1.97259965165 1.93005773539 7.82147828949 4.22711157024 7.19466770427 9.61309554214 10.4100120294 2.90226644582 9.65872849541 40.6194081691 4.62847848999 5.58747591474 24.5623336238 4.97836668766 3.55773138943 5.39154054586 2.75729073628 5.20079609877 6.51868828456 3.02564132765 11.6298863933 9.76962325787 2.23199651188 16.7345771348
96.0 0.925617572092 1.92516355775 1.88452554309 7.65012817003 4.13020962077 7.04453076762 9.3961380797 10.1886721816 2.83164999573 9.45700525238 39.8270673977 4.52158394883 5.462215789 24.0385749596 4.86680945505 3.47552983278 5.27827905734 2.69176878435 5.09006444421 6.37197858707 2.95567470006 11.3829758767 9.58531814607 2.17989212046 16.4057703097
97.0 0.904342944189 1.87920799339 1.84040249752 7.48408194708 4.03627439597 6.89888454587 9.18597656277 9.97409834756 2.76326652704 9.26145022775 39.0591566815 4.41803534823 5.34076641446 23.5312883065 4.75866321229 3.39586789014 5.16847101789 2.62826067089 4.9826764717 6.22979053626 2.88787583496 11.1436575825 9.40598610456 2.12937946713 16.0867308486
98.0 0.883719453792 1.83467475474 1.79763328292 7.32312573985 3.94518977002 6.75755238467 8.98233606673 9.76601983604 2.69702725064 9.07181468227 38.3146729546 4.31769835801 5.22297856352 23.039796014 4.65379342879 3.31864531802 5.06197790177 2.56668848957 4.87849986209 6.0919444053 2.82215883643 10.9116250736 9.2314480656 2.08039688108 15.7770720531
99.0 0.863721642519 1.79150843456 1.75616524798 7.16705631024 3.8568452086 6.62036625819 8.78495533131 9.56417933183 2.63284768032 8.88786230759 37.5926641616 4.2204452702 5.10871021209 22.5634547019 4.55207211738 3.24376673365 4.9586680655 2.50697802108 4.77740879049 5.95826926515 2.75844199113 10.6865872065 9.06153309929 2.0328856268 15.4764262831
100.0 0.84432527635 1.74965626242 1.71594825291 7.01568043339 3.77113544808 6.48716626616 8.59358595524 9.36833211019 2.57064738545 8.70936848697 36.8922261793 4.12615461137 4.99782612526 22.1016532107 4.45337745518 3.17114133451 4.85841634093 2.44905852522 4.67928354601 5.82860247231 2.69664752598 10.4682672241 8.89607796608 1.98678973739 15.1844438363
