magnification abell383 abell1423 abell209 abell2261 abell611 clj1226 macs0329 macs0416 macs0429 macs0647 macs0717 macs0744 macs1115 macs1149 macs1206 macs1311 macs1423 macs1720 macs1931 macs2129 ms2137 rxj1347 rxj1532 rxj2129 rxj2248
1.0 142663.791942 259266.260304 315956.573815 257713.75809 294240.876934 198974.566366 218143.119783 113789.142462 245716.243244 272876.897526 183547.432869 283011.851035 245602.872388 64958.5980538 282363.77823 243771.856734 130498.329523 259675.125047 263590.894791 290765.288429 249499.835041 239830.533058 155789.61642 299081.501606 189447.306698
2.0 9971.1070632 16895.3462509 19839.5222477 40060.7022855 26852.2117407 28032.7837461 39142.4157099 26841.1002787 20235.8520205 45742.3751922 77847.7393356 29490.5119543 27413.8471389 35845.3779973 28227.7948814 22072.5376961 21307.4639925 18976.7574677 29257.6713773 32984.6546162 22456.5458582 46648.1720207 19503.8821975 19180.0952884 44293.7353631
3.0 2722.64230467 4641.03456874 5242.67670462 14826.4064762 8259.91913829 10097.5643877 15427.4790663 11895.5330447 6070.59410846 17396.9647426 42529.7199895 9507.74987087 9140.28261946 21884.168084 9001.04063441 6818.31214325 8148.87542985 5442.19525838 9663.6839588 11151.7713188 6822.8383355 18828.1426926 6932.67362256 5165.08019262 19362.6973361
4.0 1193.60724702 2074.56194755 2269.05693359 7589.48446752 3883.67433422 5125.32409697 8186.57445394 6751.12777828 2836.66117422 9020.32857264 26652.014102 4568.07855096 4486.89474423 14595.2368081 4313.20570914 3222.8618106 4273.66061657 2486.29709669 4703.92986526 5532.95012982 3175.10083818 10080.1129302 3562.08500016 2270.74213398 10854.6023971
5.0 660.450281916 1172.9140366 1249.06837476 4595.57956314 2251.68248898 3098.89208774 5073.74088127 4372.95500086 1645.10265484 5498.31282686 18197.7471977 2677.32426495 2670.93782124 10370.4076728 2529.48972872 1877.54965705 2637.48506971 1423.59142492 2780.06413297 3320.92925331 1824.89319888 6267.54281014 2198.46664079 1266.56699092 6957.21643909
6.0 418.555943546 758.898837605 790.287182662 3081.56319716 1475.76822537 2081.19215155 3457.45200691 3075.1843236 1081.20264263 3699.65408513 13178.4115312 1764.17786772 1781.36734859 7719.67585113 1670.24064813 1235.58066547 1796.244528 928.430026984 1842.8508093 2229.35374064 1187.09284022 4274.12838056 1511.39910507 810.46516372 4848.5629462
7.0 289.570594428 535.159602193 546.797530948 2212.20526693 1047.28147355 1498.47351208 2511.19895049 2287.14255726 770.11990918 2660.32628384 9962.62285278 1254.83855732 1279.60612271 5954.06536949 1191.34384559 879.797130719 1306.40888049 658.144588259 1316.86702226 1609.79087348 836.889272516 3102.97371645 1114.6860673 566.31529122 3578.11044061
8.0 212.887737632 400.322803789 402.393199055 1667.30982146 785.454435315 1133.43654726 1909.23589401 1771.52414653 579.865893941 2006.18871654 7782.8080642 941.564243716 968.148872918 4722.24866598 896.725216348 661.670992625 995.671374235 494.081101532 991.855350613 1223.13109817 623.995900324 2356.74398714 863.411503767 420.408093248 2752.7297867
9.0 163.601822406 312.495930635 309.678931138 1303.20171483 613.391068588 889.316140195 1502.25599128 1415.01942903 454.594191163 1567.8814852 6239.50424818 734.808877534 760.989145498 3830.57904123 702.11421578 517.887513762 785.825792432 386.646320058 776.570458504 964.739370311 484.743437756 1851.99211466 693.262520057 326.078412363 2185.71887025
10.0 130.017236794 251.873412494 246.512099268 1047.73387687 493.962511343 717.755332811 1213.99974997 1157.84380507 367.421460325 1259.80424974 5108.33065959 590.909231806 615.83357053 3165.47677316 566.494725771 417.809287905 637.202394387 312.189690722 626.28794803 782.935282623 388.503433068 1494.56845537 572.09624973 261.402787814 1779.08249643
11.0 106.070042326 208.111569023 201.453124174 861.476159478 407.46877155 592.405046873 1002.20420632 965.972495785 304.106058341 1034.94179762 4255.46586717 486.524118924 509.909700931 2656.87350765 467.964551708 345.145724417 527.924126411 258.274505012 516.99967515 649.78118598 319.080286164 1232.1270564 482.357313684 214.99714818 1477.32644612
12.0 88.3664093359 175.377784114 168.115469806 721.406325304 342.666316164 497.907568713 841.903131109 818.854313077 256.524345455 865.737558175 3597.14114446 408.25406097 430.062273969 2259.70055135 393.95761254 290.579764506 445.112752909 217.848938634 434.876233985 549.079324426 267.259762515 1033.67963981 413.774106566 180.476134203 1247.08988214
13.0 74.8877926212 150.176730152 142.70710326 613.349518818 292.753922648 424.81518215 717.57115134 703.465587833 219.761713971 735.17378079 3078.78299359 347.95651055 368.252650839 1943.93463238 336.839418385 248.46417212 380.77969603 186.667687576 371.489840265 470.898893584 227.484612303 879.930093894 359.99698045 154.031907362 1067.32580712
14.0 64.3726646326 130.307492714 122.860803683 528.189550014 253.417771083 367.053082314 619.137614187 611.219582728 190.699042653 632.279979165 2663.62504208 300.448131179 319.338124851 1688.96892303 291.749743094 215.210151333 329.751884884 162.047387627 321.462567844 408.867104871 196.239803177 758.352104536 316.920337557 133.277711028 924.216193336
15.0 55.9995275056 114.326206438 107.036126052 459.846132894 221.811778931 320.56840263 539.835345409 536.263614859 167.276451118 549.725392806 2326.17909697 262.299319505 279.900614182 1480.29091208 255.471895069 188.445583863 288.55697276 142.221999108 281.228616271 358.736202539 171.212329447 660.525331391 281.788384436 116.654450175 808.380411509
16.0 49.2145660088 101.252383666 94.1949485141 404.13661963 195.994733661 282.571392062 474.978604283 474.49405064 148.087222631 482.459728573 2048.33403499 231.165530907 247.593815078 1307.44837616 225.80592277 166.549671667 254.792125347 125.988966196 248.345880719 317.58260211 150.828486116 580.619064836 252.691948371 103.10764101 713.266128138
17.0 43.6332083645 90.4003036667 83.6164645257 358.106376769 174.604422355 251.089572745 421.238153588 422.962595034 132.142797867 426.911326461 1816.94065005 205.398571943 220.762038135 1162.76364229 201.204409085 148.38312609 226.750541601 112.505285131 221.094815605 283.33812001 133.986560067 514.491342078 228.272100829 91.9026087824 634.182686916
18.0 38.9814906795 81.27805402 74.7871238154 319.619593297 156.661149514 224.695510849 376.19496855 379.505560256 118.731084599 380.49604132 1622.26965828 183.811422282 198.208673357 1040.49780925 180.552171079 133.125255064 203.191992955 101.164990583 198.235233515 254.504541779 119.895991928 459.133718048 207.538646259 82.5142157608 567.699479457
19.0 35.0598435499 73.5248537958 67.3327259925 287.100865404 141.445043601 202.334968647 338.056508778 342.505158108 107.327958557 341.306482146 1457.00022066 165.530947533 179.050651065 936.293866704 163.028303175 120.17209143 183.197174701 91.5228750123 178.853713435 229.973799353 107.977139476 412.318005802 189.755148694 74.5586263344 511.259775067
20.0 31.7200104643 66.8708985275 60.9751697971 259.367234843 128.417064304 183.215222112 305.471192518 310.731611335 97.540260229 307.909692959 1315.54041475 149.902836068 162.624186667 846.797391145 148.017133217 109.070717702 166.072583789 83.2454919584 162.264952175 208.911264023 97.7968653848 372.365166778 174.363931854 67.7497270618 462.926062803
21.0 28.8499228843 61.110913115 55.5041263144 235.516211962 117.166760325 166.730595076 277.404034235 283.236209541 89.0680720925 279.212080955 1193.56089092 136.428594837 148.422113489 769.393050126 135.049199715 99.4757748976 151.286813809 76.0788115345 147.946287355 190.677994502 89.0260152785 337.990346173 160.935872111 61.8705089791 421.208060332
22.0 26.3635429801 56.0863016194 50.7580223975 214.849419042 107.376886057 152.411664961 253.05142049 259.277322578 81.679149783 254.367201967 1087.66866143 124.722799618 136.051235256 702.018275273 123.761194805 91.119969081 138.426926948 69.8263450871 135.493210417 174.777721623 81.4106682159 308.196664407 149.136007942 56.7538071564 384.944057286
23.0 24.193891501 51.6728337681 46.61098993 196.819461205 98.7989219138 139.889902932 231.781541186 238.268234702 75.1912170113 232.71153285 995.174948285 114.483473206 125.202692564 643.029365903 113.868200192 83.7936415709 127.167972565 64.3340273408 124.588503569 160.819943099 74.7522800315 282.200982445 138.699495264 52.269050499 353.217478171
24.0 22.2881670545 47.7719829971 42.9637305728 180.992281332 91.2358119635 128.872603905 213.092005524 219.739729689 69.4594683621 213.718923839 913.927367457 105.471169538 115.63098356 591.103849415 105.144076137 77.3303453476 117.251304499 59.4795641283 114.98042322 148.493750333 68.8937037382 259.38108998 129.414483679 48.3129651902 325.297193493
25.0 20.6042683459 44.3047247053 39.7370062542 167.020044211 84.5295794608 119.124815419 196.579195495 203.3128368 64.36759412 196.967767111 842.186880754 97.4939514257 107.138858559 545.168320371 97.4073707073 71.5964852912 108.46890434 55.1647942577 106.467014797 137.548951755 63.7091759575 239.23752787 121.109716878 44.8029353003 300.5941491
26.0 19.1082759466 41.2070243676 36.8669251133 154.621310852 78.552301942 110.456114143 181.91577937 188.678696172 59.8212325767 182.116977947 778.5363897 90.3964332086 99.5662759714 504.344449812 90.5110372773 66.4837603098 100.651878208 51.3101251367 98.8846610613 127.782249295 59.0970308535 221.365584622 113.64541721 41.672184194 278.629402128
27.0 17.772601959 38.4265069006 34.3014770623 143.566343832 73.1994401691 102.710795935 168.833990264 175.583490801 55.7431244894 168.888183447 721.812017197 84.051674975 92.7822139868 467.908129265 84.3348242944 61.9035706427 93.661901256 47.8504201825 92.0996032326 119.026973531 54.9743223432 205.434480294 106.906491617 38.8662257953 259.010255809
28.0 16.5746121055 35.9199650601 31.9979532172 133.666078624 68.3848423027 95.7605062076 157.113038186 163.817035899 52.0694799985 157.05234947 671.050872529 78.3551084344 86.6785214019 435.258228663 78.7795695327 57.7828251963 87.3847752853 44.7319188391 86.0015821067 111.145363719 51.2728025426 191.171702887 100.79740349 36.3402158203 241.412227531
29.0 15.4955869289 33.6514725907 29.9209998089 124.763750518 64.036957565 89.4986391711 146.569526168 153.204043147 48.7472217224 146.419624474 625.450938606 73.2199309684 81.1652451965 405.892472855 73.762871122 54.0607606827 81.7255220411 41.9099018097 80.499012516 104.022693461 47.9358780765 178.351088544 95.2382568483 34.0569502928 225.565273938
30.0 14.5199297252 31.5909391735 28.0411337851 116.728469809 60.095934738 83.8360357414 137.050077062 143.597365061 45.7318694573 136.831544614 584.339975248 68.5735746303 76.1670415216 379.38864587 69.2157669884 50.6865016855 76.6046066392 39.3469013274 75.5152813549 97.5627523256 44.9162808356 166.783655963 90.1617741124 31.9853359429 211.243160727
31.0 13.6345562505 29.7129921607 26.3335986061 109.450243183 56.5113759232 78.6976462038 128.425606025 134.872721602 42.9859004904 128.154992355 547.151198704 64.354971738 71.6203911207 355.38982255 65.080161889 47.6171699327 71.9550024173 37.0113150074 70.9858788527 91.6843355904 42.1742671425 156.310490459 85.5109403924 30.0992089457 198.255181686
32.0 12.8284199012 27.9961028195 24.7774736367 102.836080363 53.2405810597 74.0199174508 120.586831268 126.924547922 40.4774664881 120.277471447 513.40410395 60.5124174196 67.4714187035 333.592673043 61.3068149258 44.816405274 67.7198890406 34.8763219605 66.8561547078 86.3184918461 39.6762121758 146.797169642 81.237150385 28.3764137842 186.43965112
33.0 12.0921389471 26.4218974869 23.354974625 96.8069234504 50.2471638624 69.7487299631 113.440725838 119.662698308 38.1793805366 113.103380059 482.689225655 57.0018841693 63.6741704537 313.738132345 57.853751647 42.253198528 63.8508319931 32.9190276986 63.0795476816 81.4063462058 37.3935031777 138.129360189 77.2987381652 26.7980784578 175.65874802
34.0 11.4177014157 24.9746099549 22.0508996174 91.295205814 47.4999516189 65.8377558536 106.907691212 113.009809934 36.0683108686 106.551047921 454.655941464 53.78568199 60.1892424098 295.603905027 54.685000923 39.9009628824 60.3063314395 31.119783931 59.6161774035 76.8973648826 35.3016607353 130.209312492 73.6598014477 25.3480393787 165.794399946
35.0 10.7982296092 23.6406427297 20.8521866024 86.2428969906 44.9721039067 62.2471422754 100.919289365 106.899179347 34.1241341676 100.550363395 429.002644026 50.8313851479 56.9826799879 278.998404935 51.7695825046 37.7367894311 57.050656993 29.4616432853 56.4317157797 72.7479612416 33.3796357569 122.953049673 70.2892543261 24.0123814535 156.744973444
36.0 10.2277908206 22.4082129501 19.7475577433 81.5999259027 42.6404015913 58.9424483362 95.4164104663 101.27304057 32.3294131324 95.0408598149 405.468771213 48.1109663552 54.0250887979 263.755825061 49.080689714 35.740846056 54.0529055975 27.9299190171 53.4964760615 68.9203682523 31.6092429539 116.288097956 67.1600587638 22.779067574 148.422595067
37.0 9.70124413216 21.2670646691 18.7272312656 77.3229008416 40.484669335 55.8937810694 90.3477829658 96.081160114 30.6689715789 89.9701621232 383.828304363 45.6000936175 51.2909114117 249.732103568 46.595025239 33.895888788 51.2862348637 26.5118270757 50.7846726913 65.3817204059 29.9747012314 110.151642341 64.2485970189 21.6376380761 140.750969152
38.0 9.21411561363 20.2082335585 17.782686614 73.3740639469 38.4873035701 53.0750888499 85.6687547469 91.2796838071 29.1295466769 85.2927182343 363.884434028 43.2775555934 48.7578354393 236.801605006 44.29225795 32.1868620926 48.727235377 25.1961932601 48.2738161393 62.1033015442 28.4622584391 104.489018762 61.534156002 20.5789653755 133.663589681
39.0 8.76249603238 19.2238533169 16.9064718578 69.7204322561 36.6328843735 50.463580202 81.340290306 86.8301850482 27.6995026209 80.9687569259 345.465160102 41.1247891957 46.4063062235 224.854375762 42.1545760547 30.6005699512 46.3554138303 23.9732121888 45.9442151897 59.0599250143 27.0598831638 99.2524743041 58.9985011456 19.5950524274 127.102266816
40.0 8.34295653275 18.3069954828 16.0920448295 66.3330881517 34.9078545327 48.0392431203 77.3281412158 82.6988751593 26.3685935563 76.9634271322 328.419644206 39.1254890743 44.2191234377 213.793863231 40.1663174469 29.1254036805 44.1527651041 22.8342477897 43.7785653179 56.2294200527 25.7570101536 94.4001423072 56.6255223179 18.678866232 121.015906302
41.0 7.95247874856 17.4515361712 15.3336413751 63.1865901767 33.3002527599 45.7844454532 73.6021564158 78.8559449735 25.127766244 73.2460833814 312.61517115 37.265283083 42.1811053901 203.535011498 38.3136622979 27.7511155113 42.1034161664 21.7716672748 41.7616064741 53.5922039765 24.5443289199 89.8951907661 54.400938081 17.8241995444 115.35949327
42.0 7.58839658022 16.6520446465 14.6261655238 60.2584813906 31.7994908009 43.6836010471 70.1357059822 75.2750132562 23.9689949775 69.7896896564 297.934606174 35.5314612331 40.2788082847 194.002664344 36.5843761317 26.4686292869 40.1933282989 20.7787022786 39.8798371539 51.1309240873 23.4136073062 85.7051113072 52.3120474691 17.0255554227 110.093242171
43.0 7.24834745275 15.9036897015 13.9650974836 57.5288772029 30.3961663305 41.7228895261 66.9051974918 71.932662554 22.8851428236 66.5703197386 284.274257801 33.9127482476 38.5002903383 185.130220302 34.9675940753 25.269881446 38.4100469465 19.8493321606 38.1212743687 48.8301565296 22.3575435362 81.8011227952 50.3475206858 16.2780503717 105.181882481
44.0 6.93023132185 15.2021606377 13.3464162122 54.9801183038 29.0819051773 39.8900200502 63.8896683283 68.8080469521 21.8698444619 63.5667365712 271.542074178 32.3991118439 36.8349127026 176.85849543 33.4536388705 24.147686843 36.7424906526 18.9781854862 36.4752512454 46.6761519203 21.3696415793 78.1576689066 48.4972218414 15.577332715 100.594055913
45.0 6.63217604504 14.5436002808 12.7665339672 52.5964771781 27.849227708 38.1740313105 61.0704405768 65.8825592563 20.9174068379 60.7600366557 259.656114817 30.9816004427 35.273170736 169.13475803 32.0338667088 23.0956250408 35.1807722326 18.1604564964 34.9322456288 44.6566195815 20.4441057063 74.7519931016 46.7520581958 14.9195134973 96.3018056358
46.0 6.35250800689 13.9245479615 12.2222407499 50.3639089337 26.6914352106 36.5651215244 58.4308277442 63.1395475068 20.0227245767 58.1333482247 248.543250827 29.6522052289 33.8065504213 161.9119063 30.7005361034 22.1079435618 33.716046659 17.3918339947 33.4837343491 42.760543783 19.575750915 71.5637776478 45.1038514358 14.3011077523 92.2801417947
47.0 6.0897271022 13.3418907906 11.7106569609 48.269838943 25.6025129049 35.0545033796 55.9558845796 60.5640726221 19.1812076853 55.6715740819 238.138055479 28.4037424559 32.4274057127 155.147765303 29.446695926 21.1794752472 32.3403811795 16.6684405679 32.1220688346 40.9780266491 18.7599265379 68.5748358833 43.5452273471 13.7189843813 88.5066705374
48.0 5.84248534959 12.7928218633 11.2291928985 46.3029811979 24.577046842 33.6342798126 53.6321928936 58.142700478 18.3887195285 53.3611716996 228.381853965 27.2297526521 31.1288533765 148.804483921 28.2660894523 20.3055674079 31.0466440183 15.9867804462 30.8403685502 39.3001533714 17.9924508514 65.7688489206 42.0695209119 13.1703232195 84.961276157
49.0 5.60956854244 12.2748042818 10.7755139869 44.4531823931 23.6101524497 32.297337261 51.4476775652 55.8633229285 17.641523432 51.1899645231 219.221906829 26.1244139992 29.9046825163 142.848015908 27.153071839 19.4820208694 29.8284086727 15.3436946153 29.6324293874 37.7188761587 17.2695549013 63.1311395972 40.6706943925 12.6525781265 81.625847814
50.0 5.38988045129 11.7855400773 10.3475108186 42.7112876484 22.697412884 31.0372536252 49.3914479605 53.7150032444 16.9362365563 49.1469795135 210.610706037 25.0824676371 28.7492764707 137.247671934 26.1025389126 18.7050373526 28.6798713491 14.7363220407 28.4926446436 36.2269139862 16.5878340827 60.6484777626 39.3432663917 12.1634451469 78.4840438252
51.0 5.18242917797 11.3229432797 9.943273261 41.0690244955 21.8348256699 29.8482186591 47.4536608232 51.6878422281 16.2697899238 47.2223068348 202.505366326 24.0991530474 27.6575451761 131.975731768 25.1098655212 17.9711739042 27.5957795084 14.1620660628 27.4159366403 34.8176657198 15.9442062669 58.3089120286 38.0822502236 11.7008349524 75.5210877225
52.0 4.98631533097 10.8851165061 9.56106800307 39.5189023393 21.0187563725 28.7249649033 45.6254013719 49.7728618947 15.6393936702 45.4069782971 194.867097373 23.1701519833 26.6248664138 127.007107573 24.1708520014 17.2773033102 26.5713698406 13.6185651834 26.3976973664 33.4851346003 15.3358754791 56.101623945 36.8831002127 11.2628489171 72.7235912731
53.0 4.80072174794 10.4703305493 9.19931902725 38.0541250732 20.2458982528 27.6627075872 43.8985798865 47.9619041296 15.0425067501 43.6928617402 187.660744804 22.2915396703 25.6470346241 122.319050763 23.2816775538 16.6205796063 25.6023142671 13.1036675937 25.4337368043 32.2238624119 14.7603002954 54.0168012457 35.7416647644 10.847758282 70.0794004588
54.0 4.62490453685 10.0770065289 8.85659057538 36.6685149145 19.5132370361 26.6570921899 42.2658415173 46.2475421533 14.4768104483 42.072569009 180.854389963 21.459742216 24.7202161866 117.890896132 22.4388595207 15.9984079424 24.684672801 12.6154089016 24.5202378153 31.028871932 14.2151662684 52.0455273624 34.6541452406 10.4539859587 67.5774610658
55.0 4.45818524483 9.70370024262 8.53157224901 35.3564458373 18.8180200593 25.7041485596 40.7204874145 44.6230029725 13.9401851582 40.5393755549 174.41900004 20.6714993368 23.8409102455 113.703837943 21.6392177223 15.4084181808 23.8148522848 12.1519926023 23.6537166459 29.8956164859 13.6983618011 50.1796848616 33.6170598237 10.0800905936 65.2077010796
56.0 4.29994399438 9.34908840825 8.22306594155 34.1127852449 18.1577291836 24.8002506684 39.2564055811 43.082099284 13.4306899695 39.0871500133 168.328121433 19.9238316536 23.0059143027 109.740733504 20.8798431414 14.8484417055 22.9895701796 11.711772911 22.8309882644 28.8199356152 13.2079569831 48.4118708314 32.627211686 9.72475257425 62.9609275226
57.0 4.14961345194 9.01195653859 7.92997434756 32.9328427316 17.5300569518 23.9420812205 37.8680101002 41.6191695329 12.9465446814 37.7102923628 162.55761038 19.2140119227 22.2122939227 105.985930451 20.1580703569 14.3164909996 22.2058227087 11.293239632 22.0491358601 27.7980160219 12.7421849765 46.7353225555 31.6816608788 9.38676170979 60.8287357383
58.0 4.00667351478 8.69118822879 7.6512908339 31.8123249648 16.9328855513 23.1266004562 36.5501875949 40.2290250281 12.4861139134 36.403679492 157.085395768 18.5395396688 21.4573559941 102.425114542 19.4714532191 13.8107416183 21.460856766 10.8950047919 21.3054839408 26.8263570791 12.2994256074 45.1438520692 30.7776994506 9.06500635897 58.8034294341
59.0 3.87064661939 8.38575566954 7.38609048986 30.7472958645 16.3642682086 22.3510185877 35.2982499523 38.906903176 12.0478930388 35.162617174 151.89126981 17.8981187647 20.7386250758 99.0451752165 18.8177433354 13.3295162389 20.752145086 10.5157908022 20.5975745487 25.9017403041 11.8781908639 43.6317884008 29.9128293712 8.75846381233 56.8779500453
60.0 3.74109358926 8.09471122688 7.1335222011 29.7341413777 15.822412698 21.6127713931 34.1078924864 37.6484260379 11.6304957012 33.9827976003 146.956702924 17.2876375712 20.0538224251 95.8340866093 18.194870999 12.8712705165 20.07736425 10.1544199537 19.9231461867 25.0212022784 11.4771120538 42.1939264847 29.084742903 8.46619176465 55.0458141982
61.0 3.61760995178 7.81717995235 6.89280161459 28.7695382529 15.3056666921 20.9094985572 32.9751568348 36.4495635265 11.2326427143 32.8602617492 142.264679665 16.7061513071 19.4008473638 92.7808020181 17.600928247 12.434580515 19.4343751614 9.80980507264 19.2801151045 24.1820105747 11.0949284045 40.825481878 28.2913051116 8.18732073758 53.3010582256
62.0 3.4998226644 7.55235290681 6.66320488108 27.8504262996 14.8125047205 20.239024412 31.8963979858 35.3066006563 10.8531521693 31.7913659692 137.799553031 16.1518663656 18.7777606869 89.8751601217 17.034153778 12.0181315136 18.8212056785 9.48094119206 18.6665586476 23.3816423135 10.7304769229 39.5220505378 27.5305382497 7.9210473321 51.6381888398
63.0 3.38738719844 7.29948119733 6.44406307786 26.9739836977 14.3415165384 19.599340776 30.8682549182 34.2161083448 10.4909306028 30.7727522452 133.54691483 15.6231263348 18.1827698617 87.1078014802 16.4929194992 11.620708019 18.2360351343 9.16689811361 18.08070041 22.6177650225 10.3826833588 38.2795730233 26.8006077862 7.66662820773 50.052139192
64.0 3.27998493643 7.0578706408 6.23475722775 26.137604975 13.8913967302 18.9885916343 29.8876244069 33.1749173307 10.1449650946 29.8013216904 129.49348011 15.1183995124 17.6142157965 84.4700940522 15.9757185023 11.2411848356 17.6771805134 8.86681375163 17.5208969704 21.8882195205 10.0505541331 37.0943025726 26.0998098848 7.42337469959 48.5382296572
65.0 3.17732084466 6.82687697913 6.03471384217 25.3388813307 13.4609354019 18.405059436 28.9516376107 32.1800948324 9.81431618442 28.8742108693 125.626983961 14.6362677338 17.0705609928 81.9540666352 15.4811542976 10.8785190673 17.1430840844 8.57988816598 16.9856260217 21.1910045821 9.73316911736 35.9627765842 25.4265601585 7.19064799658 47.0921327693
66.0 3.0791213881 6.60590158138 5.84340092576 24.5755830211 13.0490098302 17.8471528161 28.0576391071 31.2289236236 9.49811151277 27.9887706117 121.936089174 14.1754163583 16.5503789146 79.5523492835 15.0079311559 10.5317429397 16.6323023148 8.30537820253 16.4734757255 20.5242631735 9.42967516076 34.8817910909 24.7793835543 6.96785481413 45.7098418136
67.0 2.985132659 6.39438757645 5.66032438828 23.8456435639 12.6545769599 17.3133955757 27.2031680876 30.3188832424 9.19554009971 27.1425470211 118.410303497 13.7346252758 16.0523444358 77.2581198819 14.5548454297 10.199957349 16.1434959187 8.04259267109 15.9831351517 19.886270078 9.13928027789 33.8483778745 24.1569052375 6.75444350397 44.387642645
68.0 2.89511869444 6.19181636709 5.48502481659 23.1471455496 12.2766666493 16.8024167719 26.3859414618 29.4476330886 8.90584719059 26.3332644215 115.039905348 13.3127608182 15.5752252391 75.0650561604 14.1207777414 9.88232605189 15.6754209063 7.79088799953 15.5133856747 19.2754207504 8.86124842067 32.859783912 23.5578423632 6.54990055065 43.1220883581
69.0 2.80885996101 5.99770448268 5.31707456591 22.4783078753 11.9143755803 16.312941795 25.6038386502 28.6129971958 8.62832960394 25.5588100205 111.815877028 12.9087684705 15.1178740611 72.9672925279 13.7046859391 9.57807042604 15.2269205205 7.54966431046 15.0630932209 18.6902212637 8.59489476781 31.9134528859 22.9809966371 6.35374741122 41.9099764851
70.0 2.72615198805 5.81160073313 5.15607513431 21.8374742392 11.5668617587 15.8437843178 24.8548878776 27.8129504894 8.36233152643 24.8172200921 108.729844572 12.5216662939 14.6792216881 70.9593811802 13.3055987361 9.28646473702 14.796917962 7.31836187391 14.6312012688 18.1292792255 8.33958147396 31.0070085246 22.4252475794 6.16553765968 40.748328435
71.0 2.6468041327 5.63308363119 5.00165478918 21.2231027557 11.2333395401 15.3938390233 24.1372537983 27.0456063681 8.10724070585 24.1066675104 105.774023502 12.1505389812 14.2582706208 69.0362570075 12.9226099571 9.00683185571 14.3844098158 7.09645789493 14.2167245222 17.591295559 8.09471382744 30.1382395684 21.8895464149 5.9848544029 39.634370927
72.0 2.5706384625 5.46175905437 4.85346641825 20.6337565684 10.9130751233 14.9620750252 23.4492263076 26.3092054646 7.86248499942 23.4254504848 102.941169828 11.7945324749 13.8540893345 67.1932058827 12.554873327 8.73853937806 13.9884601014 6.88346360017 13.8187431804 17.0750570545 7.85973677223 29.3050861823 21.3729105244 5.8113079386 38.5655191986
73.0 2.49748874273 5.29725812102 4.71118558097 20.0680953511 10.6053824627 14.5475299047 22.789210411 25.6021054583 7.6275292397 22.7719823663 100.224535725 11.4528490895 13.4658070727 65.4258359661 12.201597743 8.48099610404 13.6081948812 6.67892159174 13.4363977429 16.5794296096 7.63413175497 28.5056276583 20.8744183982 5.64453362951 37.5393617975
74.0 2.42719951742 5.13923525834 4.57450873906 19.5248676033 10.3096195549 14.1493043015 22.155717038 24.9227718295 7.40187238483 22.1447824089 97.6178293884 11.124743083 13.0926091165 63.7300517016 11.86204298 8.23364883809 13.2427973674 6.48240344048 13.0688842921 16.1033520865 7.41741386253 27.7380712694 20.3932050385 5.48418997117 36.5536467884
75.0 2.35962527414 4.98736644245 4.4431516475 19.0029036558 10.0251850599 13.766556997 21.5473547021 24.269769457 7.18504492392 21.5424673867 95.1151786162 10.8095166311 12.7337324817 62.1020302224 11.5355157836 7.99597947781 12.891503474 6.29350749398 12.7154502035 15.6458307221 7.20912921977 27.0007421525 19.9284577681 5.32995683312 35.6062692266
76.0 2.29462968395 4.8413475932 4.31684788943 18.5011093116 9.75151522415 13.3985004425 20.9628219173 23.6417549706 6.9766065114 20.9637439755 92.7110977367 10.5065161625 12.3884619984 60.5381999134 11.2213663118 7.76750236124 12.5535977708 6.11185687753 12.3753902398 15.2059340337 7.0088526207 26.2920741144 19.4794124009 5.18153385584 34.6952597652
77.0 2.23208490879 4.70089310809 4.19534754033 18.0184600586 9.48808107326 13.0443966842 20.4009002945 23.0374697842 6.77614380762 20.4074018211 90.400457531 10.2151290196 12.0561267355 59.0352209093 10.9189848886 7.54776184683 12.2284097949 5.93709766865 12.0480429903 14.7827881716 6.81618536921 25.6106012645 19.0453497412 5.03863898777 33.8187742828
78.0 2.17187096955 4.56573452166 4.07841594845 17.5539957939 9.23438584852 12.7035536464 19.8604482493 22.4557337384 6.58326850503 19.8723072241 88.1784578453 9.93478040962 11.7360967359 57.5899673319 10.6277990403 7.33633010274 11.9153106866 5.7688972281 11.7327876197 14.3755726738 6.63075330846 24.9549503911 18.6255923789 4.90100714835 32.9750844254
79.0 2.11387516867 4.43561927808 3.96583262016 17.1068160102 8.98996266291 12.3753217368 19.3403952591 21.8954392947 6.39761552189 19.3573973797 86.0406026241 9.66493062021 11.4277800299 56.1995110905 10.3472707851 7.13280508508 11.6137101166 5.60694267202 11.4290408974 13.9835165831 6.45220502003 24.3238340057 18.2195017509 4.76838900486 32.1625689742
80.0 2.05799156218 4.31030960599 3.8573901997 16.6760753977 8.75437235511 12.059090743 18.8397366155 21.3555462252 6.21884134738 18.8616751164 83.9826771203 9.40507247117 11.1306199028 54.8611070928 10.0768941521 6.93680868661 11.3230534752 5.45093947167 11.1362544789 13.6058948908 6.2802101764 23.7160439906 17.8264754454 4.64054985191 31.3797059549
81.0 2.00412047598 4.18958148606 3.75289353448 16.2609798209 8.5272015226 11.7542869903 18.3575286245 20.8350767518 6.04662252362 18.3842040853 82.0007270708 9.15472898113 10.8440923891 53.5721797257 9.81619290719 6.74798503964 11.0428192986 5.30061016858 10.8539124151 13.2420252775 6.1144580319 23.1304457886 17.4459447243 4.51726858383 30.6250654197
82.0 1.9521680626 4.07322370229 3.65215881764 15.8607826349 8.30806071687 11.4603707378 17.8928842104 20.3331110897 5.8806542517 17.924104357 80.091039645 8.91345122786 10.5677039741 52.3303104845 9.56471846721 6.56599895845 10.7725169108 5.15569319435 10.5815288679 12.8912651215 5.95465603879 22.5659730848 17.0773722451 4.39833675116 29.8973028342
83.0 1.90204589416 3.9610369696 3.55501280057 15.474781307 8.09658278557 11.1768337893 17.4449688851 19.8487833595 5.72064911024 17.480548386 78.2501259967 8.68081638427 10.3009894828 51.1332266407 9.32204798307 6.39053450839 10.5116842588 5.0159417853 10.3186460125 12.5530087501 5.80052857693 22.0216229313 16.7202499627 4.28355769336 29.1951530137
84.0 1.85367058849 3.85283313049 3.46129206906 15.1023143176 7.89242134788 10.9031972977 17.0129970489 19.3812778316 5.56633587616 17.0527573083 76.4747052672 8.45642591358 10.0435101381 49.9787908489 9.08778257778 6.22129368971 10.259885924 4.88112298339 10.0648321098 12.2266849115 5.65181578619 21.4964512752 16.3740971954 4.17274574083 28.5174245566
85.0 1.80696346517 3.74843441468 3.37084237703 14.7427583121 7.69524939107 10.6390097479 16.5962285918 18.9298254731 5.41745843832 16.6399975412 74.7616899032 8.23990390918 9.79485177379 48.864991607 8.86154572433 6.05799522582 10.0167112941 4.75101671548 9.81967973233 11.9117544475 5.50827249233 20.9895688494 16.0384588412 4.06572547979 27.8629947293
86.0 1.76185022882 3.64767275602 3.28351803283 14.395525481 7.50475797722 10.3838450991 16.1939657674 18.4937007696 5.27377479575 16.2415776576 73.1081721678 8.03089556585 9.55462318785 47.7899344885 8.64298175108 5.90037344652 9.78177287947 4.62541494404 9.58280413 11.6077081483 5.36966721782 20.5001373962 15.7129037291 3.96233107446 27.2308047601
87.0 1.71826067716 3.55038916164 3.19918133314 14.0600611493 7.32065505027 10.1373010738 15.8055503148 18.0722187969 5.13505613298 15.8568455092 71.511411736 7.82906577071 9.32245462362 46.7518340786 8.43175446317 5.74817725777 9.55470476275 4.50412088293 9.35384172394 11.3140647736 5.23578126995 20.0273661904 15.3970230959 3.86240564145 26.6198555063
88.0 1.67612843173 3.45643312884 3.11770204058 13.7358415536 7.14266433455 9.89899757958 15.4303608068 17.6647325206 5.00108596571 15.4851855767 69.9688242741 7.6340978031 9.09799636753 45.7490065488 8.22754586977 5.6011691903 9.33516116797 4.38694827261 9.1324487159 11.0303692257 5.10640789934 19.5705088367 15.0904291761 3.76580067175 26.0292034607
89.0 1.63539068906 3.36566210551 3.03895690089 13.4223717926 6.97052431682 9.66857525219 15.0678102034 17.2706303034 4.87165935073 15.1260165258 68.4779709182 7.44569213397 8.88091745334 44.779862814 8.03005500796 5.45912452027 9.12281514003 4.27372070959 8.91829980391 10.75619086 4.98135152275 19.1288603162 14.7927538954 3.67237549614 25.4579570664
90.0 1.59598799082 3.27794099043 2.96282919646 13.1191839345 6.80398730464 9.44569410995 14.7173435926 16.8893336018 4.74658215459 14.7787889528 67.0365485688 7.26356531603 8.6709044635 43.8429022198 7.83899685478 5.32183045578 8.91735732439 4.16427102557 8.71108699472 10.491121923 4.86042700453 18.7017542602 14.5036476607 3.58199679041 24.9052733146
91.0 1.55786401098 3.19314167014 2.88920833306 12.8258352677 6.64281855448 9.23003230875 14.3784361038 16.5202948366 4.62567037603 14.4429833007 65.6423809321 7.08744895693 8.46766041956 42.9367067144 7.65410132004 5.18908538359 8.71849483828 4.058440712 8.51051850468 10.2347761054 4.74345899174 18.2885604318 14.2227782355 3.49453811698 24.3703545995
92.0 1.52096535888 3.11114258918 2.81798945683 12.5419066836 6.48679546379 9.02128498995 14.0505909764 16.1629954212 4.50874951774 14.1181079336 64.2934102423 6.91708876841 8.27090375396 42.0599354624 7.47511231306 5.06069817097 8.52595022589 3.95607938638 8.3163177417 9.9867872012 4.63028129839 17.8886823969 13.9498296973 3.40987949972 23.8524458093
93.0 1.4852413965 3.03182835109 2.74907309927 12.2670011784 6.33570682163 8.81916321296 13.733337773 15.8169439357 4.3956540033 13.8036973534 62.9876896066 6.75224368499 8.08036735653 41.2113198638 7.30178687708 4.93648751816 8.33946049021 3.85704429667 8.1282223614 9.74680786467 4.52073633455 17.501555369 13.6845014668 3.32790702948 23.3508316317
94.0 1.45064406911 2.95508934768 2.68236484758 12.0007424654 6.18935211302 8.62339296555 13.4262307231 15.4816744335 4.28622663558 13.4993105494 61.7233759201 6.59268504655 7.8957976894 40.3896589417 7.13389438592 4.81628135719 8.15877619538 3.76119986095 7.94598339134 9.51450845538 4.41467457684 17.1266442122 13.426507406 3.24851249762 22.8648340584
95.0 1.41712774797 2.88082141412 2.61777503857 11.7427736884 6.04754087272 8.43371424547 13.1288471873 15.1567448706 4.18031809336 13.2045294673 60.4987233028 6.43819583934 7.71695396487 39.5938150709 6.97121579761 4.69991629337 7.98366063348 3.66841723925 7.76936441779 9.28957596596 4.31195407666 16.763441591 13.1755749779 3.17159305524 22.393810069
96.0 1.38464908412 2.80892550799 2.55521847405 11.4927562272 5.9100920843 8.2498802074 12.8407862325 14.8417356464 4.07778646298 12.9189575895 59.3120770145 6.2885699909 7.54360738105 38.822710016 6.81354296059 4.58723708591 7.81388905074 3.57857393512 7.59814082983 9.07171302483 4.21244000328 16.411466252 12.9314444633 3.09705089628 21.9371494828
97.0 1.35316687248 2.73930741028 2.49461415603 11.250368588 5.77683362098 8.07165637024 12.5616673081 14.5362482477 3.97849680229 12.6422186168 58.1618678096 6.1436117144 7.3755404107 38.075321256 6.66067796802 4.47809616464 7.64924792817 3.49155342455 7.43209911639 8.86063696824 4.11600421882 16.0702614301 12.6938682315 3.02479296232 21.4942729619
98.0 1.3226419253 2.67187744667 2.43588504021 11.0153053726 5.64760172501 7.89881987962 12.2911290153 14.2399039878 3.88232073439 12.373955243 57.0466066949 6.00313489843 7.21254613909 37.35067857 6.51243255672 4.37235317993 7.48953431242 3.40724481009 7.27103621176 8.65607897623 4.02252488279 15.739393366 12.462610058 2.95473066757 21.0646301555
99.0 1.29303695438 2.60655022747 2.37895780622 10.7872763184 5.52224052232 7.73115882138 12.0288279629 13.9523428325 3.78913606882 12.1138280158 55.9648800575 5.8669625389 7.05442764694 36.6478608652 6.36862754695 4.2698745832 7.33455519275 3.32554249826 7.11475888606 8.45778326731 3.93188608363 15.4184499282 12.2374444891 2.88677964235 20.6476979729
100.0 1.26431646117 2.54324440494 2.32376264343 10.5660054059 5.40060157002 7.5684715821 11.7744377015 13.6732223065 3.69882644808 11.8615142763 54.9153451351 5.73492620937 6.90099743504 35.9659932258 6.22909232001 4.17053323577 7.18412692067 3.24634589837 6.96308317687 8.26550634748 3.84397749532 15.10703933 12.0181562468 2.82085949374 20.2429789765
