magnification abell383 abell1423 abell209 abell2261 abell611 clj1226 macs0329 macs0416 macs0429 macs0647 macs0717 macs0744 macs1115 macs1149 macs1206 macs1311 macs1423 macs1720 macs1931 macs2129 ms2137 rxj1347 rxj1532 rxj2129 rxj2248
1.0 87221.5936576 152160.666352 189384.827799 155224.588261 179454.5037 121710.861152 132737.145838 66258.1843435 147617.458999 164942.484771 104795.828464 168402.051296 149854.370027 40521.7585518 164412.116834 144540.021063 75596.0571188 161431.123339 150394.241354 172392.161797 151491.403834 145602.178605 95715.3554509 181419.922009 112706.254398
2.0 6129.97962638 10726.1750748 12330.4740386 24764.5652762 16704.094404 18568.8632911 24002.557789 16510.6886978 12926.5759438 29262.6268791 48008.6715394 19204.8749597 17228.353458 21074.3154413 18288.8619313 14273.6348898 13971.7570323 11659.6022285 18968.7486867 21566.5793722 14053.5296602 29122.4698894 12264.2732318 11929.1349087 27288.9525088
3.0 1681.77281484 2999.78271869 3310.01256203 9291.18422652 5195.54682649 6913.86581002 9610.78502075 7496.12503079 3954.25962796 11320.2973112 26843.7536688 6391.68177792 5830.40178171 12711.9454493 6040.89323433 4532.58977223 5545.824962 3343.3672185 6471.31154129 7487.66653481 4323.16853367 11901.4206551 4442.21191255 3248.17221898 12089.3457995
4.0 739.93250505 1345.1590668 1445.82748804 4796.73137208 2460.90601296 3575.72396265 5174.67033265 4313.07593051 1862.34799365 5907.8018062 16968.7376197 3116.68367142 2889.1866638 8467.78384907 2938.69524777 2167.32350081 2947.93666532 1531.26232629 3175.72510896 3744.80605999 2025.56728652 6417.59872115 2315.79734341 1437.15950672 6825.69683545
5.0 410.537101459 759.075877255 800.848069865 2921.31174671 1434.39310027 2188.70390616 3247.59203078 2818.26563377 1083.53423999 3609.98341163 11621.3920095 1840.67901103 1731.29941713 6030.04557875 1735.30364289 1269.24585805 1826.8984819 879.621838652 1875.77154399 2250.10305108 1169.15280977 4008.94994879 1445.72428658 804.968693827 4394.71184908
6.0 260.72254573 489.256794882 509.009009872 1966.89878451 943.913460501 1482.94087335 2237.00549705 1993.68179426 712.84250057 2430.65364479 8419.88035699 1217.81800834 1160.42667045 4503.81659745 1149.18917924 837.183985069 1244.02044931 575.639857316 1238.21644374 1507.6390274 762.718326191 2742.7838315 1003.14143455 516.604929029 3072.51633291
7.0 180.672980869 343.453899903 353.430256595 1416.19531948 671.974953272 1074.94312197 1639.93222708 1489.0051076 507.671641622 1747.43209974 6360.1023066 868.015089728 836.801676347 3486.33671376 820.361274054 596.58957653 902.69540114 409.448655337 879.774713408 1085.11126202 538.806185237 1995.94203873 745.498794926 361.758880805 2272.97048423
8.0 132.99994403 255.717554612 260.839378639 1069.69083033 505.260596707 817.46694529 1256.92435567 1156.80860173 381.960114941 1316.89052862 4961.24668648 651.893546403 635.095943391 2774.87429397 617.259969221 448.672362463 685.634189444 308.391862135 658.498512886 821.304805074 402.344475131 1518.62389039 581.143091619 268.994730048 1752.10937597
9.0 102.313445905 198.701398071 201.222158622 837.426054856 395.397672003 644.261593112 996.003969393 926.047321372 299.10896391 1028.28042164 3970.33260541 508.828520254 500.477223899 2258.39053453 482.790668902 351.016482596 538.976117919 242.093092524 512.29340213 645.169245851 312.911046156 1194.98771435 469.147093512 208.90482347 1393.53678107
10.0 81.3757594627 159.45444109 160.507540715 674.044136438 318.960291207 521.947415645 809.913271446 758.959934359 241.436725606 825.436376374 3244.2512484 409.059640948 405.876754243 1871.93800075 388.969670671 282.992734315 435.183672477 196.058297926 410.58113469 521.452328337 251.005735875 965.370288205 388.942326491 167.638946322 1135.94561968
11.0 66.4293597053 131.208299642 131.405116191 554.670927213 263.487106597 432.21465223 672.312778489 633.9258241 199.552046058 677.439697841 2697.25680328 336.59617515 336.671131414 1575.47946563 320.776915418 233.591631489 358.988467279 162.660449818 336.905825669 431.042726618 206.293749805 796.503218064 329.238498437 137.990387961 944.522661758
12.0 55.3687800554 110.146502919 109.834881582 464.739847658 221.84987228 364.331833453 567.558381071 537.820176597 168.087702954 566.140686319 2275.51350435 282.221782061 284.388229776 1343.25004227 269.56168661 196.499488634 301.369941673 137.571482229 281.778287116 362.841295875 172.884129179 668.643963094 283.399331027 115.909860803 798.293309241
13.0 46.9404152612 93.9831182595 93.3692456992 395.25892767 189.72801416 311.665920675 485.87154997 462.290040524 143.792098608 480.319804095 1943.88247994 240.318399169 243.837879086 1158.06478462 230.053079361 167.881849186 256.719349945 118.18362467 239.415440864 310.037364468 147.218268355 569.473531601 247.305074893 98.9790105409 684.000791421
14.0 40.3600359775 81.2799929202 80.4899801968 340.431991156 164.376139916 269.934493087 420.878314782 401.808010222 124.599464839 412.740068598 1678.66466819 207.30086301 211.692120261 1008.10853821 198.888296861 145.298386195 221.399608812 102.847102585 206.129525214 268.259347945 127.042228866 490.980602825 218.28149826 85.6800372437 592.928312669
15.0 35.1164991288 71.0947050524 70.2075103491 296.385280063 143.979963529 236.270293722 368.27564864 352.594697656 109.144580709 358.564061844 1463.4221675 180.792354395 185.734503596 885.043885204 173.838134944 127.134410883 192.967704092 90.4751401276 179.47837262 234.594032839 110.871094243 427.771492129 194.527012671 75.0203345792 519.150612061
16.0 30.8649304379 62.7881135532 61.8539833852 260.44919766 127.300156901 208.693457221 325.070879022 311.992848522 96.4946714454 314.458906103 1286.47348714 159.165497355 164.440741426 782.85313325 153.376227541 112.28585585 169.732858313 80.3270320146 157.792116185 207.037505222 97.6935272497 376.106213938 174.789227462 66.3278742883 458.524271007
17.0 27.3656635894 55.9138663071 54.9650767851 230.734869616 113.465834742 185.800203461 289.128766944 278.088703015 85.9940449547 278.067712426 1139.3392601 141.274850443 146.73337833 697.106107047 136.428077123 99.9762870931 150.494411527 71.8830529833 139.89720192 184.173366849 86.8008732597 333.324786969 158.17383242 59.1340155016 408.080208951
18.0 24.4478413337 50.1522589161 49.2095823685 205.874889869 101.849856951 166.572092506 258.891641317 249.474789169 77.17031874 247.685588218 1015.74821984 126.294675923 131.832492495 624.483824054 122.21891333 89.6462474114 134.380460906 64.7692665548 124.949024665 164.976646548 77.6842130298 297.493104847 144.027199537 53.1035018569 365.645048523
19.0 21.9869193788 45.2691916155 44.345900885 184.85930624 91.9908567471 150.255238137 233.200839769 225.096743351 69.6757986948 222.054510353 910.984404354 113.617135098 119.161689804 562.460773725 110.178246307 80.8839765353 120.745292213 58.710681606 112.326938277 148.690208124 69.970137875 267.177308946 131.861809159 47.991102685 329.597786837
20.0 19.89031823 41.0898900217 40.1942984509 166.92884404 83.5429780653 136.281588414 211.179549083 204.15172665 63.2496942456 200.22972652 821.44825691 102.78646919 108.287127453 509.088225424 99.8781696825 73.3807034568 109.102327105 53.5011459783 101.566416013 134.744523864 63.3794401502 241.295992032 121.307472666 43.6138964053 298.709162994
21.0 18.0880151573 37.4816093511 36.6187154973 151.503614379 76.2425954017 124.216303934 192.154009276 186.01945525 57.6930998052 181.490540906 744.355281116 93.4553138335 98.8769136983 462.843473433 90.9924153953 66.9010171483 99.0791890296 48.9834601938 92.3140577286 122.704229537 57.6998196747 219.02098383 112.078595937 39.8330551542 272.033067315
22.0 16.5262223676 34.3419702644 33.5145418305 138.134433962 69.8857487323 113.721779815 175.599342475 170.214382939 52.8520296624 165.279399578 677.525203259 85.3550208941 90.6734402103 422.523063275 83.268538353 61.2627611723 90.3869206589 45.0359197201 84.2970507657 112.231691824 52.7674161569 199.709281312 103.951700871 36.5415762772 248.831561134
23.0 15.1630451255 31.5909197928 30.8002187437 126.468910317 64.3125159685 104.53254629 161.101571886 156.351920409 48.6056666893 151.159462432 619.231925095 78.2750724731 83.4741327987 387.165935449 76.5086222852 56.3231003335 82.7984758055 41.5630087562 77.30200798 103.061656968 48.454045163 182.855425897 96.7496725217 33.6558364392 228.522111885
24.0 13.9654406577 29.1650816036 28.411355363 116.227382888 59.395982153 96.437438145 148.33051691 144.124163451 44.8580656723 138.784516716 568.095075513 72.0485321905 77.1178074395 355.997284726 70.5556431319 51.9686801742 76.133422122 38.4888389064 71.1600282204 94.9832812403 44.6582061846 168.057594207 90.3305153913 31.1096620838 210.639820245
25.0 12.9070501081 27.013714981 26.2965325973 107.185574373 55.0343183982 89.266718469 137.020137822 133.282183794 41.5321938993 127.877293016 523.000514799 66.5415880479 71.4748353648 328.386997307 65.2836664491 48.1085572782 70.2468846723 35.7524415363 65.7359707042 87.8271793101 41.2986379602 154.993065433 84.5791941959 28.8500921848 194.809956604
26.0 11.9666278995 25.0957779777 24.4142620441 99.1618933473 51.1450045521 82.8826404901 126.954073601 123.622926362 38.5655831606 118.213604568 483.041304162 61.6459200445 66.439944778 303.818499468 60.5906917223 44.6690408284 65.021436869 33.3043361477 60.9206361276 81.455946691 38.3096266784 143.40021314 79.401623325 26.83430133 180.727708823
27.0 11.1268871302 23.377761797 22.730749379 92.0080141037 47.6605551487 77.1724347395 117.95485847 114.979390114 35.9071119543 109.610588395 447.47334807 57.273051058 61.9268785089 281.865143737 56.3933551349 41.5898751429 60.3610730238 31.1039925316 56.6249867285 75.7571278102 35.6375412783 133.065109898 74.7201780678 25.0273325036 168.143053352
28.0 10.3736393786 21.8320725185 21.2182271966 85.6018003218 44.5253161252 72.0430329244 109.875782817 107.213182764 33.5145928955 101.917878899 415.681694857 53.3501117643 57.8643782514 262.172120606 52.622957474 38.8213778128 56.1866728697 29.1179289713 52.7758186731 70.6379321367 33.2382413283 123.811441198 70.4703000166 23.4004040189 156.849318601
29.0 9.69514593067 20.4358069906 19.8536969215 79.8419281746 41.693035222 67.417052637 102.594680768 100.208814128 31.3529420765 95.0109066761 387.154673497 49.8166280669 54.1931304276 244.442467965 49.2224503498 36.3222685855 52.4325499986 27.3182697114 49.3124835607 66.0212173361 31.0751143569 115.492825538 66.5979001807 21.9296296049 146.674444326
30.0 9.08162290031 19.1698164222 18.6179685863 74.6437573219 39.1249988188 63.2297090855 96.0091390056 93.8692781937 29.3927746123 88.785757004 361.463856503 46.6220575803 50.8634181999 228.426152144 46.1441245278 34.058004138 49.043797639 25.6816385051 46.1843776589 61.8424026759 29.1175732887 107.98690581 63.0573511364 20.5950398337 137.474233552
31.0 8.52485977173 18.0179825808 17.4949202325 69.9361289863 36.7885885438 59.4264164406 90.0327660992 88.1126010414 27.6093161208 83.1551863521 338.248399768 43.7238814597 47.8332982515 213.911474453 43.3478188825 31.9994878623 45.9742277686 24.1883011438 43.3489997109 58.0470735762 27.3398943203 101.190759643 59.8099192783 19.3798260928 129.127093714
32.0 8.01792250675 16.9666529177 16.4709211277 65.6588602828 34.6561524878 55.9609077819 84.5922616349 82.8691201529 25.9815510666 78.0455079947 317.202702659 41.0861125625 45.0671718849 200.718254792 40.799519716 30.12206078 43.1847564991 22.821494561 40.7704345144 54.5891053399 25.7203095561 95.0173023557 56.8225294997 18.2697508164 121.529902447
33.0 7.55492037942 16.0041957663 15.534378491 61.760766737 32.7041146803 52.7937489952 79.625094511 78.0793228578 24.4915505506 73.394136481 298.066609644 38.6781189614 42.534655471 188.692385083 38.4702558144 28.4047054089 40.6421284762 21.5668972324 38.4181586356 51.4291808872 24.2402922927 89.3924443295 54.0667835291 17.2526832589 114.594730972
34.0 7.13082131679 15.1206471599 14.6753782726 58.1980892758 30.9122667716 49.8911547537 75.0776495071 73.6921160864 23.1239373808 69.1476362599 280.617573965 36.4736886252 40.2096803394 177.701447222 36.3352197214 26.8294125088 38.3179012156 20.412207642 36.2660921989 48.5336103607 22.883989413 84.2528270822 51.5181736501 16.3182310172 108.246227376
35.0 6.74130450428 14.3074282087 13.8853982271 54.9332336788 29.2632003247 47.2240381842 70.9037369294 69.6634316053 21.8654571235 65.2601594727 264.664348041 34.4502801991 38.069770103 167.631164645 34.3730636103 25.380673539 36.1876304763 19.3468061605 34.2918403409 45.8733840733 21.6377671429 79.5440070919 49.1554482496 15.4574452564 102.41951195
36.0 6.38264186981 13.5571172862 13.157077042 51.9337534024 27.7418485414 44.767242796 67.0633860469 65.9550942524 20.7046316701 61.6921866176 250.041870807 32.588418597 36.0954563485 158.382511383 32.5653310542 24.045070965 34.2302123875 18.3614818645 32.4760820831 43.4234073355 20.4898449113 75.2189888549 46.9600963242 14.6625831666 97.0584730444
37.0 6.05160213061 12.8632651398 12.4840272848 49.1715234293 26.3351138389 42.4989176676 63.5218620323 62.5338978723 19.6314775626 58.4095047496 236.607100055 30.8712041719 34.2698030764 149.869343232 30.8959954079 22.8109453338 32.4273487329 17.4482103213 30.8020746885 41.1618781586 19.4299982322 71.2370324132 44.9159259139 13.9269152207 92.1143785189
38.0 5.74537260364 12.220243871 11.8606828686 46.6220651474 25.0315632815 40.4000060509 60.2488601861 59.3708464165 18.6372755266 55.3823733198 224.235595838 29.2839116256 32.5780172427 142.016446174 29.3510824471 21.6681230284 30.7631096954 16.5999716771 29.2552491609 39.0697780175 18.4493160665 67.562678134 43.0087172388 13.2445677731 87.5447376351
39.0 5.46149510203 11.6231228334 11.2821739054 44.2639914528 23.8211780212 38.4538243845 57.2178417233 56.4405272442 17.7143807766 52.5848392565 212.818704557 27.813660318 31.0071279448 134.757920273 27.9183600653 20.6076923216 29.2235742471 15.8106008426 27.8228781742 37.1304527007 17.5400014891 64.1649446108 41.2259356558 12.6103937376 83.3123629876
40.0 5.19781307746 11.0675660706 10.744223438 42.0785481739 22.6951460134 36.6457138401 54.4054833215 53.7205908921 16.8560660082 49.9941715105 202.261226341 26.4491417599 29.5457206938 128.035834864 26.5870816902 19.6218181294 27.7965327959 15.0746634132 26.4938019432 35.3292654103 16.6952070093 61.0166653986 39.5564928278 12.0198657241 79.384593226
41.0 4.95242779866 10.5497470953 10.2430617618 40.0492331366 21.6456896246 34.962750416 51.7912186323 51.1913170916 16.0563907521 47.590391813 192.479473439 25.180393185 28.1837161642 121.799104287 25.3477730033 18.7035879669 26.4712400505 14.3873523545 25.2582007325 33.6533081617 15.9088977954 58.0939377542 37.9905469863 11.4689872579 75.7326457771
42.0 4.72366183439 10.0662777191 9.77535497463 38.1614781759 20.665921538 33.3935025609 49.3568545593 48.8352510372 15.3100921216 45.3558833666 183.399646683 23.9986084757 26.9121850657 116.002543887 24.1920537706 17.8468832104 25.2382086257 13.74440154 24.107405127 32.0911605045 15.175737503 55.3756622549 36.5193350757 10.9542186411 72.3310752651
43.0 4.51002847516 9.61414832789 9.33814510094 36.4023824581 19.7497237411 31.9278275967 47.0862486488 46.6368971803 14.6124930147 43.2750630076 174.956472004 22.8959795338 25.7231925161 110.606074023 23.1124883018 17.0462709975 24.0890358771 13.1420130478 23.0337370461 30.6326868609 14.4909925153 52.8431565471 35.1350310411 10.4724147441 69.1573183244
44.0 4.31020600955 9.19067753314 8.92879968393 34.760487848 18.8916454387 30.5566999746 44.9650366862 44.5824603581 13.9594246352 41.3341053323 167.092050583 21.8655625997 24.6096666311 105.574046234 22.1024593753 16.2969130504 23.0162579811 12.576795747 22.030375922 29.2688655469 13.8504512632 50.4798298796 33.8306256638 10.0207725637 66.191309385
45.0 4.1230159894 8.7934695421 8.54496916166 33.2255888975 18.0868165628 29.2720657821 42.9804017386 42.6596260625 13.347160819 39.5207095725 159.75488533 20.9011651159 23.5652870939 100.874670612 21.1560614942 15.5944884427 22.0132264599 12.0457131979 21.0912455779 27.9916439155 13.2503559577 48.2709077154 32.5998242458 9.59678682455 63.4151550393
46.0 3.94740478872 8.42037791471 8.18455067474 31.7885714777 17.3308741976 28.0667189965 41.1208775712 40.8573732136 12.772362141 37.8239018091 152.89905354 19.9972495912 22.5843902892 96.4795274364 20.2680101429 14.9351279124 21.0740032856 11.546039271 20.2109182144 26.7938151381 12.6873445878 46.2031977979 31.4369591458 9.19821223175 60.8128569861
47.0 3.78242789495 8.06947462863 7.84565721309 30.4412752137 16.619899748 26.9341958332 39.3761806962 39.165814047 12.2320281608 36.233866525 146.483501226 19.1488515944 21.6618882271 92.3631492012 19.4335643476 14.3153577786 20.1932714307 11.0753201942 19.3845326028 25.6689129917 12.1584014485 44.2648906816 30.3369147316 8.82303125222 58.3700754299
48.0 3.62723647703 7.73902357601 7.5265912142 29.1763757856 15.9503650854 25.8686842182 37.737066372 37.5760567107 11.7234564713 34.7418026228 140.471439172 18.351509545 20.7931990022 88.5026617171 18.6484603473 13.7320518807 19.3662583151 10.6313419759 18.6077241232 24.6111216936 11.6608147873 42.4453890379 29.2950627528 8.46942651136 56.0739263132
49.0 3.4810658588 7.42745777568 7.22582188921 27.9872838758 15.3190862233 24.8649459495 36.1952047177 36.0800869545 11.2442074585 33.3397999249 134.829824313 17.6012043916 19.9741869372 84.8774749416 17.908854582 13.1823902476 18.5886700637 10.2121023434 17.8765647226 23.6151983618 11.1921404163 40.7351610834 28.3072064979 8.13575705849 53.9128069536
50.0 3.34322559319 7.13335971297 6.94196568292 26.8680581214 14.723183337 23.9182495476 34.7430737853 34.670665936 10.7920738722 32.0207328899 129.528912986 16.8943076119 19.201110891 81.4690158413 17.2112745235 12.6638234351 17.8566348629 9.81578648831 17.1875112126 22.676406112 10.7501703438 39.1256143065 27.3695323827 7.82053788889 51.8762456218
51.0 3.21309088676 6.85544432232 6.6737693792 25.8133298911 14.1600461459 23.0243121434 33.3738669803 33.3412416755 10.3650544669 30.7781688529 124.541874926 16.2275362432 18.470579476 78.2604968925 16.5525761343 12.1740416548 17.1666540009 9.44074603485 16.5373606034 21.7904561478 10.3329056437 37.6089863391 26.4785678491 7.52242221748 49.9547713697
52.0 3.09009516741 6.59254421136 6.42009544728 24.8182380823 13.6273038482 22.1792490358 32.0814126669 32.0858721125 9.96133109883 29.6062885628 119.844458756 15.5979138719 17.7795121423 75.2367149003 15.9299069479 11.7109479678 16.5155594225 9.08548074593 15.9232113978 20.9534574833 9.93853292037 36.1782503616 25.6311446438 7.24018608624 48.1398010466
53.0 2.97372362332 6.34359679271 6.17990929341 23.8783724397 13.1227989299 21.3795297771 30.8601041528 30.8991580553 9.57924876576 28.4998171671 115.414701304 15.0027366929 17.1251052611 72.3838756923 15.3406739332 11.2726349406 15.9004768243 8.74862256342 15.3424299509 20.1618731634 9.56540382798 34.8270328652 24.8243666949 6.97271495774 46.423540955
54.0 2.86350757 6.10763304505 5.95226813774 22.9897241418 12.6445642857 20.621939836 29.7048385464 29.7761845934 9.21729816323 27.4539641012 111.232674315 14.439543898 16.5048024828 69.6894409613 14.7825154433 10.8573642574 15.3187934772 8.42892164507 14.7926211482 19.4124820365 9.21201720024 33.5495419627 24.0555819347 6.71899200491 44.7989010122
55.0 2.75901952546 5.88376767003 5.73631128237 22.1486426084 12.1908031784 19.9035470406 28.6109632213 28.7124697716 8.87410039824 26.4643705926 107.280263172 13.9060917688 15.9162687609 67.1419941229 14.2532766639 10.4635488654 14.7681300964 8.12523411482 14.2716027789 18.7023452846 8.87700341302 32.3405047228 23.3223575184 6.47808785411 43.2594196321
56.0 2.65986889316 5.67119044881 5.53125157372 21.3517976481 11.7598716374 19.2216721273 27.5742288218 27.7039195133 8.54839355854 25.5270636945 103.540973109 13.4003309528 15.3573675292 64.7311225429 13.7509880679 10.0897372997 14.2463161854 7.8365112881 13.777383079 18.0287770432 8.55911066572 31.1951122558 22.6224579729 6.24915157713 41.7991978194
57.0 2.56569816778 5.46915863287 5.33636789343 20.596146202 11.3502629623 18.5738628318 26.5907479096 26.7467879366 8.23902088275 24.6384159376 99.9997590716 12.9203864822 14.826140601 62.4473138966 13.2738464612 9.7345998848 13.7513683725 7.56179017058 13.3081410034 17.3893185476 8.25719291536 30.1089714694 21.953825884 6.03140275995 40.4128412067
58.0 2.47617959247 5.27699022866 5.15099853755 19.8789030567 10.9605940457 17.9578710396 25.6569584898 25.8376423371 7.94492031532 23.795109827 96.6428760124 12.4645401597 14.3207904211 60.2818647591 12.8201982674 9.3969165601 13.2814713295 7.30018505952 12.8622088521 16.7817153271 7.97019923836 29.0780625853 21.3145647846 5.82412450231 39.0954089561
59.0 2.39101220662 5.09405805739 4.97453536498 19.1975149917 10.5895932739 17.3716325899 24.7695917652 24.9733322195 7.66511526287 22.9941065299 93.4577468537 12.0312149978 13.8396643609 58.2267998082 12.3885247524 9.07556611285 12.8349609283 7.05088010247 12.4380569346 16.2038970421 7.69716442911 28.0987016419 20.7029239606 5.6266572243 37.8423686113
60.0 2.30991923269 4.91978448845 4.80641861413 18.5496379093 10.2360897986 16.813249384 23.9256435697 24.1509618509 7.39870639537 22.2326181976 90.4328457932 11.6189614387 13.3812407904 56.2748002575 11.977428936 8.76951663455 12.410309338 6.81312268935 12.0342800025 15.6539596182 7.43720067282 27.1675073256 20.1172849296 5.43839317431 36.6495561188
61.0 2.23264575805 4.7536367598 4.6461323011 17.9331165581 9.89900400603 16.2809735017 23.1223490042 23.3678658845 7.1448643584 21.5080834478 87.557594946 11.2264451263 12.9441166982 54.4191403387 11.5856239701 8.47781704344 12.0061118117 6.58621757183 11.64958522 15.1301493803 7.18949015386 26.2813715666 19.5561493826 5.25877154849 35.5131403525
62.0 2.158956674 4.59512281129 4.49320012563 17.3459665188 9.57733902872 15.7731930719 22.3571598732 22.6215876666 6.90282328183 20.8181455992 84.8222726164 10.8524360329 12.5269966664 52.6536308149 11.2119228008 8.19958953845 11.6210749471 6.36952161911 11.2827814765 14.6308489367 6.9532784806 25.4374334199 19.0181284082 5.08727414412 34.4295915699
63.0 2.08863483986 4.44378756704 4.34718182123 16.7863581684 9.27017317379 15.2884196775 21.6277245704 21.9098598943 6.67187498616 20.1606333125 82.2179317301 10.4957987692 12.1286830318 50.9725686533 10.8552289513 7.93402286855 11.2540062355 6.16243913172 10.9327698707 14.1545645912 6.72786882481 24.6330558171 18.5019328457 4.92342148085 33.3956533083
64.0 2.02147944414 4.29920961195 4.20766989486 16.2526023775 8.97665315371 14.8252771071 20.9318701163 21.2305873369 6.45136380171 19.533543337 79.7363271649 10.1554839352 11.7480670884 49.3706921028 10.5145282901 7.68036631794 10.9038047399 5.96441764592 10.5985352232 13.6999151002 6.51261668773 23.8658048341 18.0063646301 4.7667693325 32.4083172994
65.0 1.95730453888 4.16099821506 4.07428670897 15.7431377294 8.6959880239 14.3824912902 20.2675860856 20.5818313715 6.24068192702 18.9350251051 77.3698508901 9.83052038255 11.3841212077 47.8431405244 10.1888816641 7.43792432066 10.5694527645 5.77494417015 10.2791384899 13.2656216086 6.30692521685 23.1334311672 17.5303090148 4.61690562004 31.464801035
66.0 1.89593772648 4.02879065848 3.94668186519 15.2565190784 8.42744374334 13.958881276 19.6330102016 19.9617961202 6.03926526278 18.3633669515 75.1114739708 9.52000828168 11.0358917667 46.38541841 9.87741829453 7.20605163018 10.2500083974 5.593541803 9.97370997012 12.8504986278 6.11024100792 22.4338535534 17.0727275697 4.4734476231 30.5625276702
67.0 1.83721898098 3.9022498364 3.82452985417 14.7914072894 8.17033828553 13.5533511323 19.0264154018 19.3688159995 5.84658966629 17.8169837641 72.9546946241 9.22311289836 10.7024927907 44.9933630993 9.57932984554 6.98414897897 9.94459882216 5.41976668871 9.68144321408 12.4534459319 5.92205033519 21.7651439046 16.6326518668 4.33603947278 29.6991079867
68.0 1.78099958818 3.78106209316 3.70752794095 14.3465600202 7.92403723669 13.1648826595 18.4461982046 18.8013445212 5.66216757788 17.2944058991 70.8934916146 8.93905899769 10.3831002294 43.6631157671 9.29386508875 6.77165917196 9.65241430977 5.25320527179 9.40158954877 12.0734412664 5.74187576041 21.1255139553 16.2091777757 4.20434989365 28.87232418
69.0 1.72714119104 3.66493527329 3.59539425897 13.9208234279 7.6879498261 12.7925288258 17.8908682309 18.257944202 5.48554497783 16.7942692141 68.9222823753 8.66712580402 10.0769467938 42.3910953096 9.02032509525 6.56806356446 9.37270281258 5.0934718173 9.13345315144 11.709533779 5.5692730774 20.5133032511 15.8014603037 4.07807016661 28.0801152615
70.0 1.67551492854 3.5535969599 3.48786608943 13.5131246948 7.46152534043 12.4354078443 17.3590387488 17.7372774584 5.31629863669 16.3153060916 67.0358853131 8.40664245426 9.78331729163 41.173974803 8.75805889629 6.37287888186 9.10476509197 4.94020616757 8.87638660845 11.3608380887 5.40382855472 19.9269683252 15.4087089186 3.9569122882 27.3205638942
71.0 1.62600065755 3.44679288089 3.3846983054 13.1224652813 7.24424987995 12.0926978193 16.849418131 17.238098378 5.15403362703 15.8563373437 65.2294858305 8.1569838899 9.50154440838 40.0086602511 8.50645956091 6.1856543434 8.8479503205 4.79307170972 8.62978690552 11.0265289261 5.24515644335 19.3650729311 15.0301833051 3.84060730466 26.5918845021
72.0 1.57848624862 3.34428546457 3.28566196291 12.7479148271 7.03564341952 11.7636319014 16.3608021233 16.7592452718 4.99838106848 15.4162648973 63.4986056513 7.91756713995 9.2310048831 38.8922713695 8.26496064497 6.00596905702 8.60165210628 4.65175353123 8.39309180206 10.7058362797 5.09289672045 18.8262792141 14.6651895071 3.72890380206 25.8924125163
73.0 1.53286694785 3.24585252897 3.19054302313 12.3886056301 6.83525714194 11.4474938954 15.8920668387 16.2996339247 4.84899608111 14.9940651779 61.839075088 7.68784795258 8.97111603916 37.8221241895 8.03303297191 5.83342965634 8.36530489385 4.51595674401 8.16577654777 10.3980409967 4.94671304408 18.3093397218 14.3130764171 3.6215665356 25.2205946323
74.0 1.48904479763 3.15128609072 3.09914119186 12.0437276404 6.64267101498 11.1436142741 15.4421623991 15.858251469 4.70555592526 14.5887831154 60.2470079347 7.46731773841 8.72133263155 36.7957152855 7.81018170994 5.66766815428 8.13838070122 4.38540495917 7.94735090511 10.1024707879 4.80629089623 17.8130901606 13.9732325766 3.51837518374 24.5749799737
75.0 1.44692811027 3.06039128104 3.01126886393 11.7125239161 6.45749158674 10.8513665549 15.0101071575 15.4341508171 4.56775830874 14.1995267049 58.7187787055 7.25550079295 8.48114397817 35.810707457 7.59594371483 5.5083399907 7.92038615767 4.25983889723 7.73735644529 9.81849659625 4.67133589469 17.336442823 13.6450832561 3.41912321407 23.954212065
76.0 1.40643098882 2.9729853579 2.92675016203 11.3942864926 6.2793499771 10.5701640021 14.5949824405 15.0264455946 4.43531984403 13.8254620666 57.2510019715 7.05195176912 8.2500713462 34.8649167137 7.3898851109 5.35512225421 7.71085981095 4.13901512 7.53536408937 9.54552929101 4.54157225627 16.8783806123 13.3280877859 3.32361684951 23.3570215309
77.0 1.36747289048 2.88889680477 2.84542005998 11.088352622 6.10790004537 10.2994566216 14.1959277589 14.634305524 4.30797464056 13.4658089518 55.8405135795 6.85625337454 8.02766556764 33.9563004304 7.19159908599 5.20771206049 7.50936967619 4.02270487193 7.34097186934 9.28301665386 4.41674139597 16.4379516061 13.0217371155 3.23167412481 22.7822194477
78.0 1.32997822819 2.80796450711 2.76712358237 10.7941013462 5.94281671656 10.0387284187 13.8121364378 14.2569522137 4.18547301861 13.1198366486 54.4843535577 6.66801427074 7.81350486131 33.0829465526 7.00070387894 5.06582507149 7.31551100209 3.91069302026 7.15380288681 9.03044062871 4.29660064851 16.0142641016 12.7255515763 3.1431240243 22.2286912803
79.0 1.29387600666 2.73003699915 2.69171507268 10.5109503696 5.78379445072 9.78749489266 13.4428516258 13.8936553108 4.06758033285 12.78686025 53.1797505404 6.48686715449 7.60719284093 32.2430637498 6.8168409405 4.92919414168 7.12890423248 3.80277708431 6.97350344962 8.7873148085 4.18092209999 15.6064820959 12.43907883 3.05780569296 21.6953913475
80.0 1.25909948937 2.65497177409 2.61905752354 10.2383532022 5.6305458415 9.54530074527 13.0873626464 13.5437289836 3.95407589485 12.4662372445 51.9241075575 6.3124670031 7.40835669134 31.4349724201 6.63967325078 4.79756807877 6.94919314405 3.69876634535 6.7997413688 8.55318213595 4.06949151902 15.2138211575 12.1618919855 2.9755677137 21.1813377623
81.0 1.22558589364 2.58263465157 2.54902196279 9.9757965459 5.48280033134 9.31171778257 12.7450016567 13.2065287016 3.84475198527 12.157364401 50.7149890546 6.14448946796 7.21664549666 30.657096466 6.46888377805 4.67071050822 6.77604314296 3.59848102947 6.63220440025 8.32761279763 3.96210737765 14.8355446507 11.8935878666 2.89626744447 20.6856078023
82.0 1.19327611112 2.51289919709 2.48148689033 9.72279790184 5.34030303253 9.08634299098 12.4151405863 12.8814482836 3.7394129471 11.8596749172 49.550109025 5.98262940213 7.03172870596 29.9079557646 6.30417406543 4.54839883138 6.60913970504 3.50175155654 6.47059881711 8.11020229294 3.85857995351 14.4709602793 11.6337854184 2.81977040964 20.2073336682
83.0 1.16211445107 2.44564618849 2.41633776083 9.47890337619 5.20281364391 8.86879677173 12.0971883281 12.5679171899 3.63787435239 11.5726358071 48.427320144 5.82659950923 6.8532947238 29.1861592679 6.14526293346 4.43042326864 6.4481869459 3.4084178493 6.31464810059 7.90056966152 3.75873050563 14.1194169184 11.3821242393 2.74594974054 19.7456985936
84.0 1.13204840462 2.38076312513 2.3534665081 9.2436856669 5.07010545473 8.65872131867 11.7905881583 12.265398035 3.53996223584 11.2957455044 47.3446038119 5.67612910234 6.68104961383 28.4903986727 5.99188528773 4.31658597969 6.29290630871 3.3183286969 6.16409173787 7.6983558543 3.66239051686 13.7803017078 11.1382632264 2.67468566063 19.2999332731
85.0 1.10302842782 2.31814377593 2.29277110725 9.01674221401 4.94196442737 8.45577912635 11.4948153649 11.9733843007 3.44551238896 11.0285316629 46.3000610198 5.53096296279 6.51471590533 27.8194426077 5.84379102194 4.20670025381 6.14303535862 3.2313411682 6.01868411738 7.50322223513 3.56940099704 13.4530373819 10.9018793257 2.60586501125 18.8693125802
86.0 1.07500774189 2.25768776267 2.23415517129 8.7976934985 4.81818835208 8.25965161639 11.2093750642 11.6913982312 3.35436970954 10.7705491339 45.2919039605 5.39086028964 6.35403149338 27.1721312899 5.70074400767 4.10058976389 5.9983266741 3.14732007024 5.87819351237 7.3148492009 3.47961184117 13.137079815 10.6726663769 2.53938081433 18.4531525465
87.0 1.04794214913 2.19930017556 2.17752757909 8.58618147637 4.69858606712 8.0700378716 10.9338001897 11.4189888944 3.2663876014 10.5213781056 44.3184483171 5.25559373179 6.1987486242 26.5473716077 5.56252116317 3.99808787839 5.85854682645 3.06613744795 5.74240114481 7.13293490977 3.39288123777 12.8319157623 10.4503340446 2.47513186869 18.0508075806
88.0 1.02178986299 2.14289121809 2.12280213178 8.38186813561 4.58297673868 7.88665346818 10.667649638 11.1557303938 3.18142741995 10.2806223896 43.378106167 5.1249484952 6.04863295835 25.9441325924 5.42891159404 3.89903702632 5.72347543929 2.98767212159 5.61110032241 6.95719410769 3.30907512296 12.5370607778 10.2346068286 2.41302237716 17.6616679039
89.0 0.996511351219 2.08837587876 2.06989723539 8.18443416519 4.47118919531 7.70922939749 10.4105065568 10.9012202178 3.0993579598 10.047907841 42.4693794464 4.99872151884 5.9034627048 25.3614412433 5.29971579957 3.8032881103 5.59290432124 2.91180925859 5.48409564231 6.78735704473 3.22806667613 12.2520572956 10.0252231479 2.35296160161 17.2851571847
90.0 0.972069190816 2.03567362724 2.01873560711 7.99357772631 4.36306131212 7.53751106947 10.1619767637 10.6550777155 3.02005498052 9.82288090097 41.5908539242 4.87672071305 5.76302781993 24.7983786752 5.17474493906 3.7106999639 5.46663666516 2.83843997684 5.36120225555 6.62316847337 3.14973585381 11.9764728576 9.82193448893 2.29486354372 16.9207303534
91.0 0.948427933809 1.98470813295 1.96924400346 7.80901331689 4.25843944064 7.37125739075 9.92168728369 10.4169426863 2.94340076756 9.60520725026 40.7411936425 4.7587642553 5.62712926585 24.2540765609 5.05382015288 3.6211388492 5.34448630817 2.76746097698 5.24224518715 6.46438672173 3.07396895828 11.7098984772 9.62450461701 2.23864664914 16.5678715818
92.0 0.925553982987 1.93540700427 1.92135296837 7.63047072136 4.15717788036 7.21023991112 9.68928499617 10.1864740754 2.86928372516 9.39457056468 39.9191357809 4.64467993814 5.49557832309 23.7277138422 4.9367719337 3.5344779913 5.22627704734 2.698774201 5.12705870685 6.31078283535 3.000658238 11.4519471256 9.43270884204 2.18423353321 16.226092415
93.0 0.903415476691 1.88770154643 1.87499659948 7.45769403849 4.05913838854 7.05424203259 9.46443538126 9.96334876504 2.79759799879 9.19067136365 39.123485909 4.53430456517 5.36819595305 23.2185136876 4.82343954372 3.45059714668 5.11184200616 2.63228651528 5.01548574647 6.16213978181 2.92970151731 11.2022523311 9.24633333637 2.13155072634 15.8949300403
94.0 0.881982181945 1.8415265368 1.83011233125 7.29044078069 3.96418972519 6.9030582758 9.24682135773 9.74726045423 2.72824312459 8.99322594377 38.3531135946 4.42748339087 5.24481220625 22.7257406746 4.71367047395 3.36938220261 5.00102304767 2.56790941582 4.90737735973 6.01825171293 2.86100185281 10.9604668814 9.06517449977 2.08052843753 15.5739456828
95.0 0.861225395221 1.796820016 1.78664073348 7.12848103879 3.87220723022 6.75649359909 9.03614220477 9.53791861885 2.66112370352 8.80196539056 37.6069483364 4.32406960082 5.12526567245 22.2486981793 4.60731994219 3.29072480505 4.89367023026 2.5055587541 4.80259222124 5.87892327989 2.79446721432 10.7262616212 8.88903836785 2.03110033451 15.2627231181
96.0 0.841117850232 1.75352309364 1.74452532392 6.971596707 3.78307243032 6.61436276592 8.83211256082 9.3350475465 2.59614909848 8.61663466173 36.8839757946 4.22392382881 5.00940296952 21.786725955 4.50425042656 3.21452201272 4.78964130263 2.44515448178 4.70099616119 5.74396899683 2.73001018845 10.4993243356 8.71774006066 1.98320333917 14.9608672906
97.0 0.821633632178 1.71157976744 1.70371239395 6.81958076299 3.69667267304 6.47648975679 8.63446149312 9.13838543942 2.53323315234 8.4369917361 36.1832342954 4.1269137081 4.89707826768 21.339197885 4.40433123169 3.14067597539 4.68880123475 2.38662041283 4.60246173311 5.6132126492 2.66754770285 10.2793587143 8.55110326825 1.93677743707 14.6680030304
98.0 0.802748097934 1.67093675478 1.66415084623 6.67223659884 3.61290078607 6.34270722202 8.44293163245 8.94768358022 2.47229392533 8.26280682294 35.5038115853 4.03291345389 4.78815284655 20.9055198948 4.30743808495 3.06909363418 4.59102178197 2.32988400171 4.50686781186 5.48648674313 2.60700076964 10.0660833883 8.38895977037 1.89176549997 14.3837738596
99.0 0.784437801714 1.63154333568 1.62579204337 6.52937739862 3.53165475966 6.21285597227 8.25727836781 8.76270555542 2.41325345027 8.09386162685 34.8448418174 3.94180347469 4.68249468233 20.4851280118 4.21345276042 2.99968644251 4.49618107945 2.27487613637 4.41409921949 5.36363199275 2.54829424634 9.85923103428 8.23114898775 1.84811312029 14.1078408824
100.0 0.766680425779 1.59335120622 1.58858966685 6.39082555897 3.45283745039 6.08678450371 8.07726909633 8.58322653227 2.35603750427 7.92994866369 34.2055027481 3.85347001017 4.57997806276 20.0774865602 4.12226272838 2.93237010572 4.4041632647 2.22153094495 4.32404637679 5.2444968423 2.49135661312 9.65854754118 8.07751756256 1.80576845658 13.8398817508
