magnification abell383 abell1423 abell209 abell2261 abell611 clj1226 macs0329 macs0416 macs0429 macs0647 macs0717 macs0744 macs1115 macs1149 macs1206 macs1311 macs1423 macs1720 macs1931 macs2129 ms2137 rxj1347 rxj1532 rxj2129 rxj2248
0.0 100046.39767083 203964.71276148 220379.90122052 153930.76087952 203552.09274219 129531.68140264 137609.90454149 62720.96081913 180278.28361427 164883.17274622 196890.81136524 211041.74902953 153260.58555132 38130.66542116 179745.49842591 177323.40694688 72105.74833085 216100.43348642 168659.49967194 191755.76185447 179963.36379582 142793.87829078 64544.10213846 212386.50705451 101537.39655459
1.0 84552.2002594 147318.063583 183409.753859 150311.494867 173856.8532 117843.362765 128570.236388 64139.642214 142972.235237 159761.9178 101478.855663 163055.598852 145149.961292 39240.087499 159093.62345 139962.965598 73241.2279942 156396.999992 145468.881124 166923.470931 146627.666007 140955.795429 92777.8939903 175732.778563 109145.405003
2.0 5934.57136542 10392.2937888 11943.662138 23984.9175899 16181.2053857 17998.3500211 23243.1840831 15991.4942779 12526.1197729 28344.9710589 46489.3762709 18602.8279174 16686.9321871 20411.7807255 17724.3582012 13824.8004161 13533.7026604 11291.2412902 18390.0408845 20910.7906614 13620.4906742 28217.0011896 11878.9921605 11555.1032934 26425.5321662
3.0 1627.86112956 2907.01855022 3206.60425071 8999.51364273 5033.78273165 6703.44374894 9306.41107794 7261.56412814 3832.48651141 10966.8402717 25995.5683283 6192.29661793 5647.73160369 12312.281709 5857.01591286 4390.46217424 5372.2315241 3237.5996828 6277.07327424 7262.46383483 4191.30928994 11534.3707586 4303.07021509 3146.7487571 11707.2478746
4.0 716.252414823 1303.6557669 1400.79919833 4646.42088008 2384.7330799 3467.30198096 5010.87053222 4178.35636998 1805.16936747 5724.06660659 16433.341387 3019.71795513 2798.95613958 8201.14819723 2849.68735829 2099.46629583 2855.90806637 1482.87306698 3080.65828294 3632.48036014 1963.93853809 6220.29857134 2243.76635111 1392.46653292 6610.24205363
5.0 397.446775368 735.668760819 775.968330944 2829.87927843 1390.22558657 2122.45983549 3144.89244519 2730.28712947 1050.32540429 3498.08021929 11255.1459805 1783.50815227 1677.38444022 5839.79253186 1682.82486463 1229.54445739 1770.01466054 851.872476061 1819.51443366 2182.59200462 1133.57366989 3885.85033805 1401.08484664 780.023047398 4256.15703944
6.0 252.443457576 474.16676356 493.227660915 1905.38931634 914.97839242 1438.10837425 2166.34300496 1931.44630991 691.018819223 2355.51160139 8154.77980814 1180.03747646 1124.37836552 4361.41689218 1114.43622038 811.014212622 1205.37457461 557.513268179 1200.95146191 1462.33601717 739.479233111 2658.59059672 972.377003031 500.642419273 2975.74758796
7.0 174.95905138 332.854566514 342.490983194 1371.933741 651.453742605 1042.47411258 1588.18891875 1442.51288068 492.140447066 1693.53193468 6160.00456922 841.110436427 810.861495373 3375.87403691 795.535235529 577.949353615 874.708071255 396.578033502 853.192584708 1052.43864053 522.363215218 1934.6664484 722.773296477 350.60824435 2201.44684535
8.0 128.809617151 247.819661319 252.77756732 1036.27278892 489.879722133 792.795702077 1217.3095802 1120.67562298 370.280491941 1276.34546689 4805.25189628 631.702016594 615.444056509 2686.77233794 598.560971546 434.658739515 664.412017414 298.713749038 638.523406122 796.520606427 390.045255274 1471.98540785 563.521065923 260.72030238 1697.01727708
9.0 99.1010504413 192.55907209 195.010679618 811.271733085 383.393442374 624.834525498 964.645781224 897.109908741 289.965834674 996.669559326 3845.55327388 493.077537139 485.014907875 2186.54389999 468.148025037 340.056058623 522.316663425 234.507001184 496.694900835 625.656566732 303.329951579 1158.27100706 454.986259326 202.48973564 1349.74746903
10.0 78.8286907995 154.520811533 155.558254086 652.996588447 309.298517777 506.223253548 784.43937849 735.233115499 234.058232765 800.093328594 3142.3282487 396.403488103 393.353894261 1812.27156615 377.158177707 274.158335923 421.748011611 189.923098259 398.036140712 505.646830647 243.30823624 935.692973425 377.248920124 162.498377748 1100.27005216
11.0 64.3558843973 127.144873567 127.357091095 537.352945585 255.520792047 419.206910625 651.186619241 614.098959688 193.454570881 656.662284791 2612.54192264 326.186717528 326.295509008 1525.17014545 311.024452155 226.300792407 347.915865432 157.576633162 326.579326021 417.950157869 199.958408768 772.003715773 319.373877517 133.763993787 914.872614308
12.0 53.6448035242 106.732230418 106.454222402 450.230556414 215.153027937 353.379010829 549.739650576 520.991760533 162.95222408 548.791824821 2204.05924239 273.497462644 275.632603768 1300.28091604 261.356810761 190.367341635 292.081825195 133.276582247 273.116828903 351.798345773 167.567951267 648.065960497 274.933055658 112.363248136 773.243403443
13.0 45.4820558172 91.0672732312 90.4975772652 382.918987649 184.008333263 302.307322306 470.630038458 447.818859061 139.399245718 465.611212106 1882.85059577 232.892247542 236.337157567 1120.95700316 223.043080144 162.643491735 248.812369376 114.497700275 232.037321036 300.583783452 142.686065518 551.938178482 239.935617285 95.9529098626 662.544357448
14.0 39.1085285767 78.7560850341 78.0161207252 329.803451225 159.426092912 261.839049533 407.685871002 389.225058101 120.793141801 400.108137797 1625.96455364 200.897264521 205.185071353 975.753473229 192.821698701 140.765240945 214.583905707 99.6423902507 199.762701008 260.065252381 123.127119145 475.854432863 211.79079014 83.0622692099 574.333847101
15.0 34.0294224454 68.8852298424 68.0510158512 287.131363422 139.647940165 229.193721642 356.74047694 341.548706515 105.810488477 347.595166028 1417.48146469 175.209486539 180.028996537 856.594367899 168.530563492 123.168389499 187.029563504 87.6582267177 173.923531617 227.416449555 107.45121832 414.586211221 188.753063581 72.7294795599 502.87355941
16.0 29.9108721208 60.8352247299 59.9551402121 252.316602359 123.472676294 202.451402091 314.895977724 302.215328377 93.5470571974 304.842626916 1246.08792436 154.252042919 159.392120963 757.650866646 148.689256025 108.783384867 164.511204863 77.8279016226 152.899759324 200.693276974 94.6777076846 364.508047963 169.60892877 64.3033148161 444.150740155
17.0 26.5208490607 54.1734471199 53.2785747084 223.529335921 110.05616368 180.250805778 280.084740289 269.370783671 83.3672156297 269.566532521 1103.57161584 136.915028891 142.230516272 674.631959122 132.255629883 96.8580608075 145.865510841 69.6480962609 135.552900219 178.52164306 84.1194460733 323.041411323 153.491769374 57.3296251872 395.289895869
18.0 23.693931879 48.5900277392 47.700379104 199.444886991 98.790491966 161.604326635 250.798391302 241.651451718 74.8130288357 240.114667546 983.858687974 122.398317192 127.788507639 604.32301195 118.478248253 86.8504431402 130.247667761 62.7566709855 121.063635459 159.907214365 75.282975248 288.311421803 139.768147359 51.4835104757 354.186124621
19.0 21.3095321344 43.8580696374 42.9864397896 179.08485373 89.2284187611 145.780906076 225.914922247 218.035822893 67.5474341067 215.267839609 882.381570202 110.112916411 115.507605066 544.277985616 106.803808829 78.3616370979 117.032003785 56.8873045046 108.829935051 144.115504639 67.8062393237 258.928134138 127.965565113 46.5273079601 319.269473908
20.0 19.2780060889 39.8081769524 38.9625886769 161.713674784 81.0346601183 132.229695407 204.585245494 197.746078655 61.3176133254 194.110429869 795.653923761 99.6171961411 104.96743079 492.609523647 96.8173025667 71.092517926 105.7470297 51.8403400566 98.4012319914 130.594038203 61.418526116 233.843265621 117.725213308 42.2837359169 289.349380431
21.0 17.5315479008 36.3116908972 35.4969773575 146.769567982 73.9536373569 120.52902627 186.156896675 180.181269669 55.9307403952 175.943946844 720.978801927 90.5745578744 95.8463857407 447.842918102 88.2022999677 64.8150281097 96.0319065572 47.4635280689 89.4347664267 118.920497416 55.9140002923 212.254018545 108.770256142 38.6182430638 263.509506997
22.0 16.0180699753 33.269384216 32.4882318164 133.817372642 67.7876074141 110.351521254 170.121580631 164.870987309 51.2375353833 160.228000141 656.244459727 82.7246780416 87.8948445011 408.812681147 80.7139722793 59.3527005759 87.6066225757 43.638993871 81.6659550652 108.767376007 51.1337953961 193.537093825 100.884053209 35.4271201686 241.035128181
23.0 14.6969997824 30.6036692736 29.8573152258 122.515695243 62.3815163298 101.439754006 156.078393941 151.442634841 47.1208728068 146.539186515 599.779035527 75.863560858 80.9165057849 374.588098181 74.1603776519 54.5671609024 80.2511549389 40.2742255593 74.8878595191 99.8773836364 46.9536367536 177.202525676 93.8948965799 32.6293156416 221.36202974
24.0 13.5363357931 28.253122029 27.5418268446 112.593602583 57.6123075706 93.5889582797 143.707578688 139.597911446 43.4877387729 134.541934478 550.245519147 69.8294409833 74.755173283 344.418848171 68.3892347186 50.3485943865 73.7906485563 37.2957199234 68.9366923266 92.0460124061 43.2751222542 162.860810136 87.6651161778 30.1606894372 204.039926771
25.0 12.5105485304 26.1685652711 25.4919361075 103.833815303 53.3812442075 86.6345414014 132.751489607 129.095654525 40.2634538361 123.967490806 506.564759569 64.492650754 69.285226782 317.694745362 63.2784149151 46.6088972902 68.0847034671 34.6444234377 63.6814116138 85.1089717739 40.019473227 150.199123257 82.083173431 27.9699068004 188.705865866
26.0 11.5990599297 24.31022208 23.6674358082 96.0604072454 49.6083087906 80.442931809 123.000589802 119.739145032 37.3874579572 114.598549924 467.85829277 59.7482244994 64.4046477265 293.915566304 58.7290021201 43.2766795889 63.0195177689 32.2724089385 59.0161360003 78.9329940023 37.1229850827 138.963864093 77.0578367045 26.0154564091 175.064611021
27.0 10.7851254471 22.6456168114 22.0355748014 89.129679577 46.2280602539 74.904778525 114.283008575 111.366594144 34.8101910898 106.257858113 433.40538001 55.5104245859 60.0298429073 272.66817812 54.6601548672 40.2935667846 58.5020473423 30.1404178372 54.8545377222 73.4090123239 34.5336678553 128.947669364 72.5138311791 24.2634531532 162.873991338
28.0 10.055001185 21.1480065955 20.5694424881 82.9233054691 43.1865286741 69.9298347852 106.456659881 103.843929888 32.4907543404 98.7996594415 402.610368648 51.7086376322 56.0917534301 253.609019027 51.0052538418 37.6114274522 54.4556111216 28.2160182926 51.125644768 68.4470350266 32.2087328602 119.979636141 68.3885489378 22.6859973051 151.933824552
29.0 9.39731570165 19.7951948855 19.2467496853 77.3431211153 40.4388599551 65.4430643449 99.4032264053 97.0592682779 30.3951352813 92.1032011998 374.977642348 48.2842615196 52.5328953893 236.450547985 47.7089788677 35.1902699471 50.8165465732 26.4722081489 47.7706608129 63.9722487619 30.1126897073 111.917877063 64.6295320308 21.2599340712 142.077451588
30.0 8.80259081313 18.5686238583 18.0488981284 72.307125643 37.9475095728 61.3816467479 93.0235198878 90.9186330288 28.4948464176 86.0677508233 350.092214009 45.1883182255 49.3050847272 220.950669522 44.7250668835 32.9966291928 47.5316377354 24.8863433428 44.740529934 59.9220243328 28.2158894534 104.643792664 61.1925263438 19.9659051753 133.16520088
31.0 8.26287221133 17.4526728848 16.9602627901 67.746379146 35.6808432274 57.6926513335 87.2338683882 85.3426110526 26.7658699302 80.6087350713 327.604557879 42.3796047847 46.3676705516 206.904410996 42.0145748746 31.0023167652 44.5561181649 23.4393074379 41.9940528852 56.2435929864 26.4933978573 98.0576222824 58.0399619618 18.7876161144 125.079294978
32.0 7.7714419584 16.4341110393 15.9676329398 63.6025752249 33.6120424687 54.3312141438 81.9632780366 80.2637165575 25.1878320403 75.6547214941 307.218657455 39.8232476747 43.6861505195 194.137321082 39.5445214213 29.1834433222 41.8521063034 22.114861849 39.4964163861 52.8922263727 24.9241156541 92.0749571892 55.1397557023 17.711264543 117.71984639
33.0 7.32259268624 15.5016659888 15.0597728869 59.8261252208 31.718241294 51.2590968512 77.1511846805 75.6242968729 23.7433513365 71.145038433 288.682514982 37.489562777 41.2310762761 182.500194997 37.2868150805 27.5196473328 39.3873693417 20.8991329067 37.2180348844 49.8297987287 23.4900856231 86.6239850574 52.4643594853 16.7250903282 111.001684021
34.0 6.91144876349 14.6456816847 14.2270738656 56.3746342917 29.9798393835 48.4435386226 72.7456589914 71.3748561429 22.4175201867 67.0278836361 271.78056128 35.3531490322 38.9771812143 171.864830748 35.2174021729 25.9934815976 37.1343389614 19.7802035828 35.1336310029 47.0236419031 22.1759422911 81.6432954078 49.9899980727 15.8190184004 104.851818718
35.0 6.53382354667 13.8578444413 13.4612759765 53.2116801956 28.3799516519 45.8563345896 68.7019631671 67.4727040509 21.1974888919 63.2588100518 256.32754432 33.3921624255 36.9026801633 162.120592758 33.315583909 24.5899215548 35.0693218844 18.7477860001 33.2214999501 44.4456267414 20.9684715493 77.0801190958 47.6960539694 14.984373038 99.2074047739
36.0 6.18610459585 13.1309621395 12.7552444474 50.3058278482 26.9039638942 43.4730910609 64.9813824528 63.8808593501 20.0721298348 59.79950517 242.163577096 31.587730299 34.988703153 153.171612265 31.5634653179 23.2959683786 33.1718623199 17.7929568367 31.4629169098 42.0714209037 19.8562556924 72.8889063387 45.564567631 14.2136476194 94.0140893373
37.0 5.86516073962 12.4587850317 12.1027883592 47.6298289442 25.539171666 41.2726196512 61.5502731043 60.5671546205 19.0317644084 56.6168005858 229.150100815 29.9234757216 33.2188345577 144.934493386 29.9455075742 22.1003264495 31.4242237579 16.9079420929 29.8416564364 39.8798852778 18.8293853765 69.0301708052 43.5798287189 13.5003177986 89.2246674929
38.0 5.56826634232 11.8358593755 11.4985128206 45.1599678948 24.274484951 39.2364413921 58.3792820308 57.5035010434 18.0679395868 53.6818634342 217.166575542 28.3851288185 31.5787356726 137.336423268 28.4481620424 20.9931396079 29.8109652067 16.0859408911 28.3436002411 37.8525800627 17.8792243974 65.469544302 41.7280397718 12.8386889329 84.7979799048
39.0 5.29303921277 11.2574071559 10.9376976856 42.8755242371 23.1001851941 37.348378511 55.4427035304 54.6652812565 17.1732440247 50.9695324751 206.107752666 26.9602072888 30.0558338107 130.313607139 27.0595693558 19.9657741992 28.318592675 15.3209803649 26.9564152211 35.973358238 16.998216454 62.1769992788 39.9970378685 12.223770727 80.6980042114
40.0 5.03738940427 10.7192266841 10.4161974725 40.7583283598 22.0077242933 35.5942165459 52.7179461927 52.0308453577 16.3411558429 48.4577699735 195.881415472 25.6377523342 28.6390647794 123.809966087 25.7693105941 19.0106396107 26.9352709862 14.607795473 25.6692876786 34.2280291134 16.1797255077 59.1262059119 38.3760630304 11.6511736456 76.8931021544
41.0 4.79947676598 10.2176100046 9.93035832897 38.7923924476 20.9895574221 33.9614232314 50.1850888619 49.5810904675 15.5659159732 46.1272068352 186.40649845 24.408109242 27.318658459 117.776048413 24.5682004565 18.1210390357 25.6505842592 13.9417289246 24.4727027652 32.6040784295 15.4179031946 56.2939977611 36.8555645258 11.1170228527 73.3553926234
42.0 4.5776755689 9.74927391877 9.47694878594 36.963602408 20.0390032927 32.4389134748 47.8265090074 47.2991083525 14.8424222409 43.9607632842 177.611514698 23.2627441622 26.0859593865 112.168115562 23.4481144873 17.2910447541 24.4553358716 13.3186474289 23.3582605435 31.0904343557 14.7075781512 53.6599255182 35.4270380839 10.6178863445 70.0602270752
43.0 4.37054488377 9.31130210291 9.0531017287 35.2594595086 19.1501267985 31.0168519543 45.6265702766 45.169888779 14.1661403702 41.9433310625 169.433235193 22.1940903892 24.933275927 106.947371379 22.4018440635 16.5153934069 23.3413806266 12.73487127 22.3185218595 29.6772709462 14.0441631901 51.205882614 34.082888458 10.1507146438 66.9857486332
44.0 4.17680366103 8.90109631233 8.65626554289 33.6688627479 18.3176400097 29.6864865863 43.5713586713 43.1800687264 13.5330288713 40.0615059999 161.815575012 21.1954188179 23.8537529152 102.079309661 21.4229741406 15.7893976655 22.3014833245 12.187114818 21.3468786157 28.3558423257 13.4235770938 48.915789745 32.8163128818 9.71278996431 64.1125199284
45.0 3.99530967445 8.51633506721 8.28416280459 32.1819247677 17.5368182915 28.4400074456 41.6484588618 41.3177195184 12.9394753716 38.3033620225 154.70865034 20.2607283092 22.8412636591 97.5331597132 20.5057797437 15.1088714083 21.3291990868 11.6724360602 20.4374441127 27.1183422104 12.8421784424 46.7753279429 31.6212018312 9.30168316907 61.4232076828
46.0 3.82504165506 8.15493852793 7.9347552034 30.7898155154 16.8034289481 27.2704267742 39.8467637918 39.572165445 12.3822424291 36.6582594151 148.06797706 19.3846525286 21.8903179951 93.2814134965 19.6451379765 14.470066085 20.4187716864 11.1881936102 19.5849599808 25.9577844155 12.2967093914 44.7717118271 30.4920541904 8.91521717765 58.9023143441
47.0 3.66508407192 7.81503851509 7.60621363977 29.4846289675 16.1136702841 26.1714765356 38.1563120121 37.933828653 11.8584212364 35.1166815251 141.853787221 18.5623804778 20.9959837098 89.299420944 18.836452931 13.8696163824 19.5650468485 10.7320099425 18.7847168832 24.8679008271 11.7842477197 42.8934962643 29.4239044553 8.55143573211 56.5359489059
48.0 3.51461411827 7.4949528246 7.29689263657 28.2592690991 15.4641193713 25.1375206339 36.568148211 36.3940960354 11.3653919195 33.6700951802 136.030444014 17.7895884578 20.1538191389 85.5650424727 18.0755913721 13.3044936645 18.7633980506 10.3017398352 18.0324867041 23.843053966 11.3021657776 41.1304109199 28.4122600452 8.20857663691 54.3116304981
49.0 3.37289054347 7.19316314366 7.00530836344 27.1073519813 14.8516871187 24.1634794376 35.0742032252 34.9452046192 10.9007893733 32.3108309628 130.565939412 17.0623816139 19.3598151528 82.0583496526 17.3588274566 12.7719659309 18.0096628001 9.8954431855 17.324464354 22.8781617985 10.8480952179 39.4732181912 27.4530471308 7.88504874919 52.2181194917
50.0 3.23924403566 6.90829599785 6.73011969847 26.0231214464 14.2735794939 23.2447646675 33.6671904742 33.5801425656 10.4624737616 31.0319801728 125.431461431 16.3772435443 18.6103450552 78.7613665726 16.6827950578 12.2695632677 17.3000877306 9.51136151361 16.6572176583 21.9686328612 10.4198965917 37.9135908169 26.5425636707 7.57941212593 50.2452717921
51.0 3.11306891258 6.63910625961 6.4701118537 25.0013762094 13.727263947 22.3772230491 32.3405162919 32.292563393 10.048504963 29.8273058701 120.60102021 15.7309927217 17.902121177 75.6578457135 16.0444465175 11.7950479389 16.6312811456 9.14789758828 16.0276440685 21.1103101083 10.0156330539 36.4440061044 25.6774385687 7.29036083859 48.3839127476
52.0 2.99381591985 6.3844628289 6.22418217241 24.0374066977 13.2104402466 21.5570873997 31.0882020584 31.0767114397 9.65712036647 28.6911658378 116.051123994 15.1207446898 17.232157157 72.7330731779 15.4410168485 11.3463884177 16.0001718761 8.80359770444 15.4329331503 20.2994221599 9.63354755172 35.0576542436 24.8545960474 7.01670805005 46.6257277068
53.0 2.88098597025 6.14333616282 5.99132777306 23.1269401355 12.7210150766 20.7809340476 29.9048163847 29.92735691 9.2867155211 27.6184456735 111.760497557 14.5438791726 16.5977350678 69.973698972 14.8699925764 10.9217367699 15.4039735088 8.47713622185 14.870533982 19.5325408524 9.27204297587 33.7483586002 24.0712244826 6.75737301695 44.9631667562
54.0 2.77412468516 5.91478738416 5.7706347684 22.2660926707 12.2570798429 20.0456456583 28.7854158914 28.8397391195 8.93582722483 26.6045005127 107.709836851 13.9980113786 15.9963766843 67.3675887333 14.3290845425 10.5194089026 14.8401531955 8.16730203789 14.3381267387 18.8065441731 8.92966484043 32.5105062309 23.324749065 6.5113697365 43.3893615714
55.0 2.67281762232 5.69795874271 5.56126883287 21.4513275284 11.8168912333 19.3483786953 27.7254933539 27.8095167746 8.60311870474 25.6451041345 103.881594659 13.480966895 15.4258183053 64.9036938683 13.8162040987 10.1378672675 14.3064043859 7.87298672025 13.8335978584 18.1185838072 8.60508612798 31.3389871479 22.612807756 6.277797002 41.8980526525
56.0 2.57668609214 5.49206523923 5.36246692755 20.6794183381 11.3988541445 18.6865348636 26.720932184 26.8327243062 8.28736659642 24.7364043973 100.259792878 12.9907596671 14.8839886322 62.5719375393 13.3294422192 9.77570567333 13.8006229278 7.59317406829 13.3550182809 17.4660566529 8.29709399413 30.2291410935 21.9332300858 6.05582966935 40.4835254826
57.0 2.48538348085 5.2963872516 5.1735300219 19.9474169132 11.0015066494 18.0577359868 25.7679663749 25.9057334278 7.98744947532 23.8748841205 96.8298577156 12.5255726341 14.368989284 60.3631143343 12.8670511228 9.43163591926 13.3208860677 7.32693090818 12.9006243309 16.8465797536 8.00457807399 29.1767107819 21.284018413 5.84471096733 39.1405543808
58.0 2.39859201088 5.11026402737 4.99381667653 19.2526248775 10.6235067291 17.4598018504 24.8631451717 25.0252192138 7.70233773057 23.0573266641 93.5784746668 12.0837406607 13.8790775949 58.2688017771 12.4274280677 9.10447599957 12.8654339545 7.07339895608 12.4688008831 16.2579681877 7.72652017245 28.177800724 20.6633313214 5.64374571024 37.8643530039
59.0 2.31601987981 4.93308792742 4.82273737153 18.5925686175 10.263620536 16.8907306193 24.0033018379 24.1881301011 7.43108460356 22.2807855704 90.4934606198 11.6637354567 13.4126513907 56.2812821135 12.0091010267 8.79313967276 12.4326533117 6.83178760876 12.0580665029 15.6982155197 7.46198515319 27.2288408849 20.0694688751 5.452294293 36.6505306125
60.0 2.23739872775 4.76429932236 4.65974948234 17.9649771255 9.92071198686 16.3486814886 23.1855259847 23.391661301 7.17281823946 21.5425577298 87.5636508132 11.2641522236 12.9682354881 54.3934730328 11.6107159971 8.49662721563 12.0210629916 6.60136754152 11.6670603005 15.165476479 7.21011286886 26.3265545366 19.5008594972 5.26976736628 35.495053344
61.0 2.1624813906 4.60338205799 4.50435281939 17.3677623544 9.59373351587 15.8319592822 22.4071390028 22.6332311867 6.92673462196 20.8401596097 84.7787987171 10.8836978046 12.5444696943 52.5988661822 11.2310257347 8.21401721036 11.6293011667 6.38146501082 11.2945302756 14.6580515788 6.97011099794 25.4679297605 18.9560482681 5.09562110426 34.394209848
62.0 2.09103990259 4.44985941755 4.35608565981 16.7990017651 9.28171784098 15.3390007522 21.6656722061 21.9104602793 6.69209128017 20.1713061522 82.1294871767 10.5211801469 12.1400981199 50.8914724883 10.8688797306 7.9444592338 11.2561139497 6.17145677331 10.9393229622 14.1743734303 6.74124867301 24.6501941326 18.4336864685 4.9293529903 33.3445807298
63.0 2.02286371679 4.30329051935 4.21452120965 16.2569227906 8.98377061789 14.8683623655 20.9588473487 21.2211525115 6.4682016719 19.5338920049 79.6070494001 10.1754989126 11.7539596414 49.2657734408 10.523215276 7.68716733687 10.9003452622 5.97076554549 10.6003742097 13.71299454 6.52285080144 23.8707921921 17.9325222159 4.77049805603 32.3430113269
64.0 1.95775811671 4.16326709632 4.07926444373 15.7398889789 8.69906387305 14.4187093972 20.2845592246 20.5632784898 6.25443016098 18.9259747926 77.2034985647 9.84563709554 11.3849793737 47.7166776095 10.1930494816 7.44141421738 10.5609277989 5.77885593868 10.2767009592 13.2725764097 6.31429299349 23.1273653481 17.4513920658 4.61862551856 31.3865874077
65.0 1.89554279572 4.02941061154 3.9499492772 15.2463876098 8.42683012226 13.988806171 19.6408600998 19.9349605154 6.05018751738 18.3457601808 74.9114649876 9.53065352369 11.0321610312 46.2394817618 9.87747213597 7.20652600266 10.2368749513 5.59523081256 9.96739389477 12.8518797809 6.11499702415 22.4177339271 16.9892134628 4.47333576787 30.4726134411
66.0 1.83605058416 3.90136967003 3.82623602964 14.7750186106 8.16635709344 13.5775073112 19.0259457573 19.3344591549 5.85492687844 17.7915885144 72.7241399466 9.22967614049 10.6945800726 44.829836035 9.57563930334 6.98187756982 9.92727357889 5.41942799834 9.67161086235 12.4497558882 5.92442676522 21.7398811045 16.5449779451 4.334257663 29.5985931266
67.0 1.77912630678 3.77881769226 3.70780914698 14.3244846146 7.91698298348 13.1837498881 18.4381429682 18.7601611803 5.66814011759 17.2619228447 70.6352253627 8.94189597369 10.3713775387 43.4837126887 9.28676757358 6.76688834078 9.6312775255 5.25101734887 9.3885709683 12.0651386035 5.74208453231 21.0919384971 16.1177450152 4.20104610101 28.7622119238
68.0 1.72462575544 3.66145081924 3.59437515181 13.8935820312 7.67809218761 12.8065463523 17.8758982229 18.210568721 5.48935457389 16.7553381814 68.6388886554 8.66656171237 10.0617545031 42.1973780229 9.01012888993 6.56101849756 9.34810179486 5.08959807859 9.11754927626 11.697037369 5.56750779903 20.4721732228 15.7066366036 4.07337982754 27.9613213457
69.0 1.67241476373 3.54898602302 3.48566079583 13.4811930108 7.44911144807 12.4449781695 17.3377675807 17.6842894892 5.31813010179 16.2705118293 66.7297221745 8.40297482259 9.76496706742 40.9673671026 8.74504588816 6.36376557011 9.07701730986 4.93479636092 8.85787203465 11.3445308275 5.40026623633 19.8789762599 15.3108320596 3.95095946147 27.1939248184
70.0 1.62236837219 3.44115939988 3.38141139206 13.086278203 7.2295063752 12.0981900764 16.8224075104 17.1800279607 5.15405640545 15.8062146849 64.9027066869 8.15048514129 9.4803218396 39.7904609722 8.49088769014 6.17466135518 8.8173461893 4.78626315464 8.60891237464 11.0067610753 5.23995904072 19.3108519573 14.9295636119 3.83350571012 26.4581649277
71.0 1.57437007402 3.33772462584 3.28138930663 12.7078702201 7.0187783003 11.7653848905 16.3285666153 16.6965774041 4.99675062652 15.3613033865 63.1531784613 7.90848689527 9.2071718436 38.6636660856 8.24706610149 5.99326912985 8.56845748448 4.64367223446 8.37008642598 10.6829284652 5.08621251922 18.7664085686 14.5621122488 3.72075775383 25.7523119017
72.0 1.52831113247 3.23845155725 3.18537259313 12.3450677287 6.81646142404 11.4458188108 15.8550781437 16.2328126666 4.84585515798 14.9347132234 61.476799555 7.67641509897 8.94491281253 37.5841957083 8.01303216949 5.81918112762 8.32976332514 4.50671840397 8.14084980499 10.3722869028 4.93867790335 18.2443496968 14.2078039736 3.61247178187 25.074753192
73.0 1.48408996212 3.14312496077 3.09315375394 11.9970300998 6.62212022921 11.1387971598 15.4008532018 15.787683636 4.70103566002 14.5254517195 59.8695309495 7.45374229022 8.69297982528 36.5494530802 7.78827306242 5.65201624915 8.10071543028 4.37511587165 7.92069443415 10.0741395817 4.79702936719 17.7434665504 13.866006397 3.50841966336 24.4239840368
74.0 1.44161156745 3.05154335922 3.00453861531 11.6629725597 6.43534712984 10.8436705176 14.9648745951 15.3602093065 4.56197925674 14.1325928219 58.3276082298 7.239975568 8.45084425027 35.5570161503 7.57230923637 5.4914179828 7.88080194502 4.24859677298 7.70914565802 9.7878351117 4.66096222823 17.2626309246 13.5361256302 3.40838773913 23.7985989006
75.0 1.40078703241 2.96351798128 2.91934530417 11.3421617869 6.25576033206 10.5598312087 14.5461912304 14.9494723861 4.428392895 13.7552716273 56.8475195353 7.03465390073 8.21801096442 34.6046237195 7.36469185952 5.33705251317 7.66954456886 4.12690982379 7.50575962417 9.51276399851 4.53019131165 16.8007888307 13.217603451 3.31217572195 23.1972836975
76.0 1.36153305599 2.87887180434 2.83740331636 11.03391191 6.08300188533 10.2867101036 14.1439130237 14.5546143884 4.30000184873 13.3926795919 55.4259855439 6.83734567683 7.99401581943 33.6901628442 7.16500046732 5.1886069984 7.46649594517 4.00981909143 7.31012090156 9.24835543951 4.40444946132 16.3569547062 12.909914712 3.21959569409 22.6188087201
77.0 1.3237715289 2.79743868123 2.75855266682 10.7375808648 5.91673590448 10.0237737053 13.7572062597 14.1748311618 4.17654835429 13.0440601733 54.0599412784 6.64764647321 7.7784233301 32.8116573728 6.9728408251 5.04578799905 7.27123728504 3.89710287207 7.12184031195 8.99407440279 4.28348618259 15.9302061454 12.6125649715 3.13047119242 22.0620221973
78.0 1.2874291473 2.71906254236 2.68264311374 10.4525670738 5.75664694575 9.77052148933 13.3852893589 13.8093688095 4.05779036354 12.7087048621 52.7465195485 6.4651770194 7.57082456292 31.9672574991 6.78784297735 4.90832004354 7.08337620165 3.78855266371 6.94055295289 8.74941896147 4.16706640352 15.5196790985 12.3250883207 3.04463637224 21.5258444222
79.0 1.25243705995 2.6435966659 2.60953344912 10.1783064166 5.60243852163 9.52648347511 13.0274290118 13.4575199643 3.94350040334 12.385949562 51.483035862 6.2895813381 7.37083520501 31.1552302322 6.60965946507 4.77594431653 6.90254473412 3.68397222555 6.76591639298 8.51391785788 4.05496934293 15.1245634912 12.0470453931 2.96193524229 21.0092623894
80.0 1.21873054533 2.57090300944 2.53909084953 9.91426946164 5.45383174093 9.29121800329 12.6829366436 13.1186203807 3.83346453105 12.0751712849 50.26697466 6.12052504472 7.178093796 30.3739506919 6.43796369491 4.64841745844 6.72839754214 3.5831767154 6.59760902245 8.28712827507 3.94698747484 14.7440992238 11.7780215346 2.88222096386 20.5113248945
81.0 1.18624871604 2.50085159711 2.47119028099 9.6599589346 5.31056406222 9.06430970115 12.3511651782 12.7920458159 3.72748137681 11.7757851302 49.0959767433 5.95769379059 6.99226010723 29.6218941486 6.27244844531 4.52551046525 6.56061025456 3.4859918979 6.43532854392 8.06863379582 3.8429255798 14.3775725125 11.5176251229 2.80535520802 20.0311380483
82.0 1.15493424773 2.43331995712 2.40571395307 9.41490739966 5.17238814981 8.84536761699 12.0315060718 12.4772091712 3.62536126448 11.4872415194 47.9678277756 5.80079183596 6.81301365434 28.8976287374 6.1128244966 4.4070076792 6.39887795727 3.39225341676 6.27879058988 7.85804253112 3.7425998751 14.0243125397 11.2654860195 2.7312075654 19.5678611686
83.0 1.12473313028 2.36819260479 2.34255081747 9.17867513406 5.03907082265 8.634023508 11.7233865923 12.1735578687 3.52692540387 11.2090236635 46.8804477588 5.64954074068 6.64005233072 28.1998087801 5.9588193735 4.29270586176 6.24291380696 3.30180612515 6.1277274547 7.65498540221 3.64583721616 13.6836883839 11.0212541444 2.65965500368 19.1207030113
84.0 1.09559443913 2.30536056704 2.28159610689 8.95084817752 4.91039208767 8.42993026719 11.4262673196 11.8805714423 3.43200514771 10.9406452394 45.8318813872 5.50367816143 6.47309115076 27.5271686602 5.81017618936 4.18241334137 6.09244775893 3.21450346907 5.98188693058 7.45911456194 3.55247436266 13.355106203 10.7845981609 2.59058136832 18.6889183102
85.0 1.06747012498 2.24472094447 2.22275091065 8.73103654017 4.78614424979 8.23276047656 11.1396398476 11.5977593225 3.3404413074 10.6816482564 44.8202891995 5.36295674574 6.3118610928 26.8785171968 5.66665258299 4.07594922894 5.94722539834 3.13020691868 5.84103123766 7.27010194256 3.46235730337 13.0380066467 10.5552042623 2.52387692266 18.2718045975
86.0 1.04031482014 2.1861765077 2.16592178365 8.51887255443 4.66613109162 8.04220507507 10.8630246695 11.3246587977 3.25208352229 10.4316010956 43.8439394523 5.22714311392 6.15610803281 26.2527324744 5.52801973949 3.97314269517 5.80700686547 3.0487854436 5.7049360397 7.08763791853 3.37534063433 12.7318624778 10.3327750494 2.45943792387 17.8686992775
87.0 1.01408565993 2.12963532483 2.11102038566 8.31400935792 4.55016711683 7.857972131 10.5959692297 11.0608331366 3.16678967784 10.1900967053 42.9012006504 5.09601692108 6.00559176076 25.6487570841 5.3940614877 3.87383230396 5.67156586622 2.97011502809 5.5733895376 6.91143007394 3.29128698573 12.4361763829 10.1170284936 2.39716623146 17.4789769323
88.0 0.988742118029 2.07501041745 2.05796314832 8.11611949539 4.43807685133 7.67978570955 10.3380461268 10.8058698556 3.08442536808 9.95675094026 41.9905346727 4.96936999193 5.86008507231 25.0655937421 5.26457346736 3.77786539717 5.54068876048 2.89407822276 5.44619163371 6.74120206535 3.2100664929 12.1504789552 9.90769697541 2.33696894568 17.1020468378
89.0 0.96424585429 2.02221944251 2.00667096739 7.92489362924 4.32969419746 7.50738482711 10.0888514553 10.5593791208 3.00486339887 9.73120102919 41.1104904418 4.84700552213 5.71937292937 24.502301249 5.13936235984 3.68509752605 5.41417372118 2.82056372967 5.32315316067 6.5766925716 3.13155630787 11.8743268344 9.70452639439 2.27875807298 16.7373506718
90.0 0.940560574126 1.97118439798 1.95706891812 7.74003934901 4.22486183642 7.34052248486 9.84800327414 10.3209922709 2.92798332819 9.51310416171 40.2596980861 4.72873734021 5.58325168346 23.957990763 5.01824517706 3.59539192545 5.29182995798 2.74946601791 5.20409516923 6.41765432306 3.05564014765 11.6073009901 9.50727534323 2.2224502164 16.3843603973
91.0 0.917651898367 1.92183135026 1.90908599165 7.56128007132 4.12343067504 7.17896477476 9.61514018941 10.0903604519 2.8536710404 9.30213618286 39.4368635547 4.61438922508 5.45152835669 23.4318223561 4.90104860352 3.50861902706 5.17347699993 2.68068496719 5.08884826979 6.26385320354 2.98220787641 11.3490051353 9.31571434084 2.16796628874 16.0425763054
92.0 0.895487242744 1.87409018142 1.86265485079 7.38835402238 4.02525933293 7.02249005177 9.38992004369 9.86715335293 2.78181835168 9.09799038632 38.6407636425 4.5037942741 5.32401997539 22.9230018327 4.78760838684 3.42465600846 5.05894403197 2.61412553707 4.97725202316 6.11506741862 2.91115511831 11.0990642603 9.12962511988 2.11523124652 15.7115252049
93.0 0.874035706176 1.82789435473 1.81771160355 7.22101329613 3.93021366686 6.87088816685 9.17201870142 9.65105803588 2.71232264392 8.90037639786 37.8702413914 4.39679431768 5.200552952 22.430777785 4.67776877298 3.34338637493 4.9480692808 2.54969745969 4.8691543763 5.97108672489 2.84238289883 10.8571232749 8.94879996412 2.06417384306 15.3907587458
94.0 0.853267967134 1.78318069691 1.77419559282 7.05902298164 3.83816632917 6.72395975545 8.96112892313 9.44177785001 2.64508652493 8.70901914139 37.1242018359 4.29323937649 5.08096251133 21.9544388668 4.57138198218 3.26469957135 4.84069944588 2.48731495424 4.76441113933 5.83171171501 2.77579731183 10.6228457511 8.77304109173 2.01472639917 15.0798518651
95.0 0.833156187415 1.73988919578 1.73204920108 6.90216035388 3.74899635744 6.58151557726 8.75695932079 9.23903142509 2.58001751252 8.52365788063 36.4016080633 4.19298715757 4.96509215748 21.493311268 4.46830772243 3.1884906217 4.73668917184 2.42689646114 4.66288550035 5.69675315403 2.71130921053 10.3959127577 8.60216008079 1.96682458991 14.7784013455
96.0 0.81367392272 1.69796281203 1.69121766871 6.7502141229 3.66258879303 6.44337590261 8.55923338786 9.04255173637 2.51702774088 8.3440453302 35.7014775623 4.09590258654 4.85279317827 21.0467563709 4.36841273739 3.11465979397 4.63590055886 2.36836439473 4.56444757498 5.56603136274 2.64883392031 10.1760217787 8.43597733373 1.92040724623 14.4860244772
97.0 0.794796039499 1.65734730403 1.65164892505 6.60298373634 3.57883432595 6.30936994224 8.36768859784 8.85208523575 2.45603368724 8.16994683046 35.022878837 4.00185737255 4.74392418395 20.6141685763 4.27157038595 3.04311228838 4.53820270796 2.3116449127 4.46897398778 5.43937564429 2.5882909716 9.96288570902 8.27432157775 1.8754161702 14.2023578149
98.0 0.77649863755 1.61799106463 1.61329343096 6.46027873123 3.49762896429 6.17933531654 8.18207556598 8.66739104374 2.39695591724 8.00113958079 34.364928263 3.91072960375 4.63835067779 20.1949732835 4.17766025091 2.97375794715 4.44347129835 2.25666770112 4.37634748301 5.31662375073 2.52960385128 9.7562319215 8.11702939833 1.83179596291 13.9270560213
99.0 0.758758977931 1.57984496899 1.57610403217 6.32191813096 3.41887372593 6.05311756142 8.00215726907 8.48824019745 2.3397188477 7.83741192679 33.7267871678 3.82240337058 4.5359446558 19.7886250126 4.0865677746 2.90651098403 4.3515881943 2.20336577385 4.28645656239 5.19762138616 2.4726997712 9.55580139883 7.9639448034 1.78949386396 13.6597907919
100.0 0.741555415762 1.54286223266 1.54003582247 6.18772988401 3.3424743512 5.9305696679 7.82770831867 8.31441495009 2.28425052527 7.67856269697 33.1076591155 3.73676841486 4.43658423346 19.3946056578 3.99818391913 2.84128973219 4.26244107918 2.15167528515 4.19919514774 5.08222174373 2.41750945228 9.36134792594 7.81491881588 1.74845960158 13.4002498531
