magnification abell383 abell1423 abell209 abell2261 abell611 clj1226 macs0329 macs0416 macs0429 macs0647 macs0717 macs0744 macs1115 macs1149 macs1206 macs1311 macs1423 macs1720 macs1931 macs2129 ms2137 rxj1347 rxj1532 rxj2129 rxj2248
0.0 149236.40224499 304059.40656982 328931.66994003 231053.69933449 304748.60897541 199298.3052451 208202.8160747 94790.30932029 270421.32084056 249594.46279835 283017.49417336 317289.7280099 230605.30617709 54036.88009463 270886.42910324 266813.06468469 109989.22374516 322769.85414417 253035.42898283 289364.77800776 269305.76611266 216376.43734511 97796.55172384 317108.9600272 153527.8326061
1.0 124336.591882 222244.662182 273288.346585 223033.244754 256316.806908 173397.46546 187243.154624 98090.5514862 212337.880335 234917.130594 155934.542409 242144.888384 212252.960769 58984.8890542 241890.999696 211254.522858 112910.070509 228540.474847 224443.118327 248398.864483 216404.854739 210181.463538 136238.208321 259757.995024 165764.72372
2.0 8730.34647252 14939.714336 17401.5348299 35119.9040107 23549.7165509 25195.0110859 34443.9397051 23429.7313967 17940.0220267 40761.2731822 68351.0866417 26521.1772134 24252.8107069 30168.1750295 25116.0426028 19588.2273891 18868.0551786 16475.5961056 25965.6462823 29434.6791522 19761.6872555 40987.2696863 17136.8698103 16854.7084226 38603.3703402
3.0 2387.23662583 4133.47849506 4624.56331963 13061.0436196 7272.41489207 9207.99900462 13706.6195625 10447.1422522 5422.38223837 15626.4328034 37639.5755519 8675.98194207 8143.77297732 18139.488535 8112.39370277 6097.72418411 7296.46238031 4720.78247235 8681.34320364 10085.9450308 6036.21122216 16558.3829233 6123.48889047 4555.99492816 16872.6044723
4.0 1047.16323345 1850.14988711 2007.82521963 6702.02725022 3428.25452047 4713.82656475 7309.6000384 5951.517652 2540.52234305 8114.83831371 23631.3673377 4189.33521967 4008.56588523 12089.4776678 3909.5487004 2892.01012787 3851.1793513 2160.64166564 4243.35561764 5029.41975802 2816.37569909 8870.39179743 3160.31904989 2006.19058302 9466.8840062
5.0 579.561256668 1045.31451735 1107.49884586 4063.75302356 1991.32405111 2865.92082707 4543.52644931 3865.08956352 1474.54323071 4943.25670302 16131.4478913 2458.45899799 2388.65411847 8625.6794263 2299.03236663 1687.64114031 2386.2301926 1240.25856764 2510.39140818 3023.85061996 1621.04195632 5518.39387522 1957.70889462 1119.85603532 6075.25783233
6.0 367.328484831 675.344924784 701.71388303 2727.17577282 1306.92950373 1932.0482901 3101.93037283 2723.28162959 969.072005991 3321.35992339 11669.8482985 1619.25054967 1593.52021125 6458.7728679 1520.00867255 1111.59646985 1629.27105331 811.012245616 1663.35479842 2030.19728704 1055.3663665 3765.27364014 1350.05302239 716.846215179 4239.73720537
7.0 254.135651002 475.401124965 486.033407386 1958.77799633 928.44468275 1394.81795687 2255.7894242 2028.42862736 689.944664651 2384.16340436 8810.32052956 1150.27930472 1144.54164953 5013.58756341 1084.71747781 791.899651575 1186.88741962 576.392459474 1187.21788602 1465.00152364 744.387093524 2735.0348952 998.31001246 500.978803199 3133.25579222
8.0 186.833838499 354.969200681 357.977859766 1476.75665647 696.900538512 1057.05327171 1716.52320846 1572.99055681 519.161351159 1794.71028547 6872.83859366 861.636771114 865.696755503 4001.98272681 816.495753725 595.725749792 905.466628789 433.761524817 892.831721602 1111.89692893 555.179527394 2078.43538865 775.017111464 371.923853435 2413.91755188
9.0 143.574910837 276.592481362 275.687080432 1154.46815403 544.588476706 830.519991369 1351.43543382 1257.64447487 406.701508914 1400.16113122 5502.27583066 671.146408049 680.188731459 3266.55614864 639.144864507 466.341582228 715.007893694 340.212983339 697.838009852 875.8399481 431.346137234 1634.20256365 623.508129772 288.470157099 1919.38114458
10.0 114.09669669 222.549597232 219.581137756 928.243425935 438.780719734 670.948591576 1092.5842057 1029.88721286 328.455893553 1123.18567805 4498.78510955 538.634787607 550.20375724 2715.37102264 515.481018498 376.255468957 579.88764713 275.275975291 561.778283341 709.762677182 345.726162013 1319.55582262 515.416164934 231.244258282 1564.43649391
11.0 93.0776270443 183.582463245 179.5346729 763.254067009 362.096303143 554.136997808 902.243374675 859.790781175 271.641447334 921.29401411 3743.07109933 442.58919863 455.362846252 2291.78749137 425.609792724 310.834174254 480.406768259 228.179294747 462.901786092 588.17299417 283.945110586 1088.46492731 435.224922955 190.181556699 1300.82255299
12.0 77.5390261325 154.470431738 149.890330374 639.149969698 304.60714644 465.939068987 758.092100264 729.25393671 228.96226607 769.582395325 3160.43735706 370.645927465 383.885942255 1959.36021297 358.100122828 261.701969843 404.942405935 192.811179632 388.667065199 496.271290007 237.819176121 913.677598241 373.843186143 159.634850823 1099.51996902
13.0 65.7091319556 132.085411101 127.286751707 543.394211819 260.303374121 397.631270408 646.232397273 626.792018022 196.002809691 652.675960365 2702.22661972 315.286638623 328.571614594 1693.77431625 305.999186821 223.779169729 346.270519592 165.489444885 331.426524168 424.975503381 202.409818997 778.222409549 325.64365171 136.235630559 942.215286531
14.0 56.4805901801 114.458314212 109.624344358 467.920166479 225.370598839 343.592575719 557.639728338 544.825090236 169.960042922 560.668203302 2335.6708372 271.723589256 284.811442269 1478.3041923 264.87683183 193.836204222 299.705168256 143.884797943 286.29843834 368.453838987 174.591926036 671.081064984 286.98331645 117.872106062 816.881003148
15.0 49.1322747804 100.297878777 95.5361245914 407.345480761 197.29074909 300.065898202 486.244527639 478.181911663 148.982610216 486.943493846 2038.06629284 236.788535582 249.541923439 1301.13927289 231.799025929 169.737671906 262.096336546 126.46296883 250.045599151 322.817607179 152.308300877 584.846197767 255.414065139 103.164602311 715.348942877
16.0 43.1780268369 88.7276631874 84.1004551819 357.966421904 174.345406399 264.46083923 427.840965539 423.233629063 131.806161879 426.947481883 1793.29127503 208.315749449 220.659969699 1153.74811556 204.75810062 150.024146503 231.26142704 112.178350351 220.451025003 285.389795346 134.158850844 514.388017006 229.238024501 91.1798888049 631.911375456
17.0 38.280252481 79.1350400512 74.6771544199 317.165962349 155.328100146 234.943199259 379.438894083 377.371100677 117.542222663 377.46176427 1589.64970005 184.783073095 196.681490944 1029.84423405 182.341343699 133.669580111 205.648324161 100.297346363 195.953942698 254.276529286 119.163153105 456.06209125 207.245412437 81.2677227588 562.480561897
18.0 34.198454293 71.0807850887 66.8099518816 283.051914182 139.370745996 210.183882819 338.86449773 338.678230477 105.550856909 336.159697384 1418.49434623 165.094622887 176.533934041 924.713332729 163.53036513 119.93475718 184.128077139 90.2921928308 175.428976826 228.105942403 106.617533097 407.221063679 188.553840126 72.9632954364 504.065557173
19.0 30.7574428173 64.2429566631 60.1662774714 254.228314674 125.835212664 189.200132964 304.506194564 305.72146321 95.3611177284 301.325411881 1273.32392191 148.444647087 159.425841913 834.764474462 147.575365103 108.275623612 165.863130733 81.7748127415 158.047556644 205.863566822 96.0059619475 365.90396702 172.506432839 65.9268578393 454.436314124
20.0 27.827074622 58.3809486138 54.4988969776 229.646785089 114.243478731 171.252197818 275.148361993 277.410446624 86.6197993058 271.67094665 1149.17664691 134.229633875 144.7623599 757.223872894 133.913931794 98.2841699702 150.221163302 74.454306658 143.188296493 186.78545285 86.9427811887 330.632955044 158.605315841 59.9051562466 411.902127893
21.0 25.3089747172 53.3118205615 49.62077659 208.507405794 104.231422063 155.774338156 249.859806479 252.903588144 79.0575193757 246.214217815 1042.2142504 121.990052364 132.089050948 689.921772231 122.117189434 89.6492737034 136.717319177 68.108875252 130.377503984 170.286940242 79.1348820586 300.276998104 146.467052114 54.7061054437 375.161964592
22.0 23.1276197295 48.8943269457 45.388203251 190.191106398 95.5175093304 142.327708152 227.917289085 231.542675384 72.4657282673 224.195748242 949.431112733 111.370821415 121.05365607 631.141427727 111.853235278 82.1301389606 124.974607214 62.5668193005 119.24875779 155.914079557 72.3561284717 273.958458155 135.792094707 50.1817417397 343.201176144
23.0 21.224217165 45.017903436 41.6891970036 174.212612344 87.8811260583 130.567516408 208.752045055 212.80675195 66.6807885598 205.020700334 868.447381743 102.093919513 111.379522256 579.51033979 102.861788516 75.5378956151 114.696207335 57.6934016061 109.514865412 143.309810382 66.4296878561 250.98778513 126.343412984 46.2164947386 315.218852326
24.0 19.5524206657 41.5949220996 38.4353976423 160.187098349 81.147290253 120.219718712 191.91171435 196.279017787 61.5727377986 188.217791121 797.359507471 93.9390471233 102.846790148 533.9207555 94.9362785528 69.7226063036 105.645754572 53.3815845149 100.94804241 132.189973092 61.2155893299 230.817055896 117.931260085 42.7189581952 290.575835514
25.0 18.0752769079 38.5551483464 35.5562819167 147.80616474 75.1756819415 111.064201187 177.032803624 181.62270621 57.0372185035 173.409694982 734.630714238 86.7297405552 95.278849002 493.470774427 87.9109722416 64.5639332408 97.6330733906 49.5453845972 93.3656641885 122.326007759 56.6018102043 213.006385463 110.402135156 39.6160127142 268.756936641
26.0 16.7630148694 35.8417098185 32.9949747602 136.820269973 69.8526461892 102.922463517 163.820473154 168.563253969 52.9895912306 160.291403873 679.009687797 80.3232457277 88.5324337537 457.420176875 81.6515784687 59.9643287269 90.5037025286 46.1150288239 86.6198653961 113.532284893 52.4977894331 197.199287723 103.63066362 36.8485601267 249.343080215
27.0 15.5914214456 33.4081218573 30.7051702194 127.025708042 65.0852801133 95.6484739977 152.03350104 156.874952011 49.3605783983 148.614190108 629.46948316 74.6030293458 82.4902831369 425.156916003 76.0482934567 55.8439959384 84.1310990818 43.0333725317 80.5898410388 105.656698483 48.829639343 183.10435886 97.5135413354 34.3683819379 231.990500829
28.0 14.5406318107 31.2160632208 28.6488374663 118.25483361 60.7970035099 89.1217941275 141.472960864 146.370832178 46.0929984713 138.173572783 585.161115774 69.473168894 77.0556265409 396.171431612 71.0105859477 52.1371110362 78.4107646298 40.2532152916 75.1760740712 98.5735921168 45.5365645374 170.481493605 91.9649607914 32.1357944531 216.415019773
29.0 13.5942174864 29.233692387 26.7944904989 110.368640074 56.9242009303 83.2423496552 131.973599118 136.894921612 43.1392880534 128.800184606 545.377945421 64.8541001366 72.1479952176 370.03676782 66.4632404015 48.7889569078 73.2557690812 37.7352650862 70.2959561827 92.178377124 42.5681513025 159.131395203 86.9131164619 30.1178769151 202.380029993
30.0 12.7384910192 27.4343586469 25.1158681016 103.25106408 53.4136478172 77.9264113683 123.397199964 128.316250605 40.459600917 120.352766544 509.5280829 60.6793583278 67.700005073 346.39304388 62.3433217654 45.7537245275 68.5933037644 35.4465768811 65.8804292855 86.3833937748 39.8822931015 148.887508652 82.2975060488 28.2871173912 189.687221111
31.0 11.961970237 25.7956051152 23.59091616 96.8045717278 50.2205174234 73.1034752289 115.627429858 120.52417352 38.0203346754 112.71274179 477.112823107 56.8930556338 63.6548608262 324.93522281 58.5978235463 42.9928092115 64.3620012591 33.3593426327 61.8713838187 81.1146966137 37.4435865702 139.609757367 78.0668256972 26.6203670428 178.169351942
32.0 11.2549614363 24.2983900816 22.2009954053 90.9467066849 47.3068228136 68.7138184289 108.565795958 113.424683266 35.7929780377 105.779974652 447.70964922 53.4479101101 59.9644017254 305.403401736 55.1818282112 40.4734778759 60.5098325824 31.4499446325 58.2196244732 76.3095344454 35.2220794914 131.179636386 74.1773133623 25.0980246843 167.684569018
33.0 10.6092321621 22.9264734227 20.9302590501 85.6073675498 44.6401882296 64.7065686015 102.128451174 106.937484807 33.7532009244 99.4694274595 420.958735782 50.3036921899 56.587558041 287.575047302 52.0570557291 38.167817341 56.9924434799 29.6982082705 54.8832657475 71.914357848 33.192284859 123.496336115 70.5914337632 23.7033951691 158.111903849
34.0 10.0177521541 21.6659290397 19.7651597474 80.726643303 42.1928722275 61.0381663149 96.2436487452 100.993653781 31.8801303666 93.7085044525 396.552152859 47.4259902809 53.4891221352 271.258743671 49.1907090247 36.0518976143 53.7718278032 28.0868073117 51.8264562542 67.8832311339 31.3323980752 116.473656238 67.2768261733 22.4221802955 149.347677086
35.0 9.47448664425 20.5047544091 18.6940559184 76.253079637 39.9409850323 57.6711316361 90.8496994953 95.5337499781 30.1557698277 88.4349258166 374.225172098 44.7852224626 50.6387626057 256.289125815 46.5545486153 34.1051011145 50.8152619103 26.6007868868 49.0183567273 64.1765571644 29.6236706412 110.037530745 64.2054562499 21.2420716865 141.302606344
36.0 8.97423020912 19.4325556205 17.7068950967 72.1422807043 37.863856991 54.5730677391 85.8933212381 90.5062871815 28.5645301922 83.5950142279 353.749220713 42.3558395862 48.0102278309 242.522748307 44.1241456485 32.3095810742 48.0944428475 25.2271781235 46.4323154686 60.760046192 28.0499054414 104.124029438 61.3529275696 20.1524228242 133.899464382
37.0 8.5124722982 18.4402915662 16.7949574605 68.3557739956 35.9435255181 51.7158507375 81.3282964714 85.8664843132 27.0928483925 79.1423048364 334.926136663 40.1156784149 45.5806982569 229.834697502 41.8782749147 30.6498213068 45.5847868374 23.954684695 44.0451986575 57.6038765349 26.5970472625 98.677733784 58.6979191453 19.143983026 127.071170923
38.0 8.08528769117 17.5200648356 15.950646758 64.8600831498 34.1643156626 49.0749668839 77.1143741602 81.5752401569 25.7288753339 75.0364107011 317.583458084 38.0454332574 43.3302563646 218.115798237 39.7984185035 29.1122761069 43.2648547861 22.7734262374 41.8368430349 54.6820071633 25.2528484665 93.6504089761 56.2217230454 18.2086802677 120.759228573
39.0 7.68924671758 16.6649497543 15.1673188266 61.6259662008 32.5124951674 46.6289671886 73.2163660867 77.5982869608 24.4622190037 71.2420913593 301.570540025 36.1282218345 41.2414503837 207.27029885 37.8683575325 27.6850739467 41.1158791162 21.6747270544 39.7896059591 51.9716114168 24.0065943884 88.999911972 53.9078621004 17.3394428022 114.912433591
40.0 7.32134124926 15.8688501603 14.4391401333 58.6277863096 30.975989196 44.3590161993 69.6033992833 73.9054880412 23.2837318162 67.7284839722 286.755336862 34.3492265831 39.2989331845 197.21394327 36.0738344447 26.3577723009 39.1213719446 20.6509411308 37.8879934542 49.4526079403 22.8488765171 84.6892887115 51.7417720985 16.5300518023 109.485807584
41.0 6.97892336233 15.1263811419 13.760970444 55.8429892388 29.544143152 42.2485167545 66.2482944294 70.4702519927 22.1853336418 64.4684653807 273.021723415 32.6953967243 37.4891618255 187.87235802 34.4022722041 25.1211537022 37.2667989628 19.6953064396 36.118351113 47.1072701261 21.7714041441 80.6860239231 49.7105362282 15.7750189711 104.439707811
42.0 6.65965423785 14.4327701991 13.1282650043 53.2516673289 28.2075244925 40.2827963895 63.1270464881 67.2690418457 21.1598637932 61.4381201823 260.267254329 31.1551995679 35.8001463301 179.179696763 32.8425396355 23.9670552445 35.5393066868 18.8018230261 34.4686059551 44.9198993223 20.7668471674 76.961414704 47.8026620946 15.0694843682 99.7390827239
43.0 6.36146138452 13.7837742388 12.5369925894 50.8361939604 26.9577563354 38.4488440478 60.2183887722 64.2809619425 20.2009566411 58.6162951437 248.401281841 29.7184119337 34.2212386379 171.077496493 31.3847543995 22.8882253709 33.9274932937 17.9651504978 32.9280498221 42.8765501207 19.8287042695 73.4900450446 46.0078936166 14.4091306973 95.3528462125
44.0 6.08250266215 13.175609549 11.9835665301 48.5809157482 25.7873771297 36.7350880544 57.5034254434 61.4874087493 19.302936615 55.9842242829 237.343368039 28.3759444327 32.7429545165 163.513708489 30.0201168223 21.8782030403 32.421215241 17.1805214413 31.4871568137 40.9647984006 18.9511918712 70.2493431039 44.3170516528 13.7901110718 91.2533493723
45.0 5.82113589177 12.6048924655 11.4647864043 46.4718922584 24.6897217976 35.1312080979 54.965320416 58.8717745164 18.4607291888 53.5252120851 227.021940217 27.1196927998 31.3568226481 156.441874196 28.7407691511 20.9312153371 31.0114234018 16.4436679745 30.1374287575 39.1735446516 18.1291501853 67.2192066505 42.7218984035 13.2089878734 87.4159327735
46.0 5.57589307738 12.0685888895 10.9777885407 44.496675027 23.6588206524 33.6279753772 52.5890329673 56.4191948181 17.6697851091 51.2243647647 217.373147809 25.9424116028 30.0552562291 149.820421814 27.5396758609 20.0420903576 29.6900236643 15.7507591872 28.8712638804 37.49284654 17.3579634087 64.3816849192 41.215021583 12.6626807828 83.8185454857
47.0 5.34545845265 11.5639711686 10.5200038325 42.6441192293 22.6893130991 32.2171161773 50.3610921952 54.1163326852 16.9260156469 49.0683614144 208.339887166 24.8376065448 28.8314433043 143.612063838 26.4105214698 19.2061828066 28.4497578951 15.0983476458 27.6818447648 35.9137758287 16.6334916622 61.7207073643 39.7897351074 12.1484224333 80.4414197012
48.0 5.12864971377 11.0885811274 10.0891216475 40.9042225881 21.7763736827 30.8911950165 48.2694039242 51.9511933781 16.225737063 47.0452584096 199.870966648 23.7994422826 27.6792527589 137.783279332 25.3476229807 18.4193102136 27.2841019259 14.4833234809 26.5630424087 34.4282956624 15.9520127313 59.2218515604 38.4399936333 11.6637204253 77.2667918568
49.0 4.92440191817 10.6401982588 9.6830588408 39.2679871022 20.9156484939 29.6435142105 46.3030848223 49.9129649183 15.565622809 45.1443216528 191.920389482 22.8226632501 26.5931534509 132.303867624 24.3458545909 17.6776980616 26.1871778304 13.9028748402 25.5093337831 33.0291549544 15.3101720204 56.8721439179 37.1603187632 11.2063246722 74.2786627997
50.0 4.73175362244 10.21681226 9.29993305656 37.7272999653 20.1032002947 28.4680272622 44.4523194257 47.9918803552 14.9426622464 43.3558822152 184.446735815 21.9025254203 25.5681444147 127.146562375 23.400582734 16.9779324237 25.1536782398 13.3544537115 24.5157307528 31.7097971895 14.7049394147 54.6598880073 35.9457351158 10.7741992325 71.4625908611
51.0 4.54983490864 9.81659924467 8.93803964902 36.2748306852 19.3354610179 27.3592639343 42.7082365208 46.1790984402 14.3541248813 41.6712117145 177.412628625 21.0347373068 24.599694427 122.286696891 22.5076098544 16.3169189473 24.1788008407 12.8357462888 23.5777185953 30.4642814263 14.1335719779 52.5745162008 34.7917147667 10.3654979325 68.8055127673
52.0 4.37785700893 9.43790107296 8.59583166944 34.9039419267 18.6091905204 26.3122652348 41.0628019387 44.4665999421 13.7975292811 40.0824144029 170.784270758 20.215408797 23.6836895197 117.70191305 21.6631255926 15.6918472281 23.2581915148 12.3446471983 22.691202659 29.287213658 13.5935815935 50.6064610757 33.6941288189 9.97854320237 66.2955881826
53.0 4.21510328788 9.07920733792 8.2719024586 33.6086120215 17.9214406603 25.3225268371 39.5087253159 42.8470973011 13.2706159809 38.5823334482 164.531042487 19.4410066439 22.8163872598 113.371907489 20.8636642766 15.1001597715 22.3878948369 11.8792370155 21.8524619464 28.1736869995 13.0827068125 48.7470436235 32.6492050652 9.61180764653 63.9220643785
54.0 4.06092138208 8.73913962154 7.96497046182 32.3833674285 17.269523924 24.385949704 38.0393787743 41.3139556889 12.7713238004 37.1644693133 158.625150754 18.7083156432 21.9943768134 109.278209685 20.1060678029 14.5395248764 21.5643108597 11.437762597 21.0581086088 27.1192294211 12.5988882901 46.9883757966 31.6534908752 9.26389794946 61.6751581009
55.0 3.91471632924 8.41643769663 7.67386594573 31.2232237068 16.6509859498 23.498796883 36.6487258103 39.8611238564 12.2977690858 35.8229084788 153.041322636 18.0144046743 21.2145439655 105.40398746 19.3874531334 14.0078128792 20.7841572874 11.0186198271 20.3050525039 26.1197579538 12.1402472945 45.3232753266 30.7038205733 8.93354078106 59.5459521773
56.0 3.77594454624 8.1099474021 7.39751934749 30.1236337954 16.0635814019 22.6576556022 35.3312589483 38.4830734027 11.848227468 34.5522610364 147.75653682 17.3565969207 20.4740404039 101.733876092 18.7051837606 13.5030752899 20.0444362798 10.6203384438 19.590470102 25.1715384609 11.7050668556 43.7451910772 29.7972866928 8.61957042069 57.5263047953
57.0 3.64410853755 7.8186099616 7.13495102959 29.0804425811 15.5052527332 21.8594039362 34.0819449467 37.1747453114 11.4211177911 33.3476059115 142.749787773 16.732443688 19.7702566766 98.2538278276 18.0568445945 13.0235264186 19.3424052495 10.2415686593 18.9117771394 24.2711502123 11.2917751854 42.2481374656 28.9312145825 8.32091786254 55.6087697049
58.0 3.51875223397 7.5414525508 6.88526224824 28.0898468935 14.9741114451 21.101181419 32.8961765242 35.9315027745 11.0149879202 32.2044426668 138.00187818 16.1397013303 19.1007983299 94.950979061 17.4402198062 12.5675271603 18.6755511106 9.88106933443 18.2666045086 23.4154546133 10.8989310621 40.8266367136 28.103139922 8.03660120112 53.786525864
59.0 3.39945687671 7.27757994763 6.64762717281 27.1483601984 14.4684215122 20.3803630785 31.769729735 34.7490894712 10.6285021784 31.1186489971 133.49523582 15.5763108673 18.4634648007 91.8135328516 16.8532732353 12.1335706469 18.0415675184 9.53769750265 17.6527769529 22.6015675386 10.5252109152 39.4756678765 27.3107887662 7.76571712665 52.0533152689
60.0 3.28583737477 7.02616712456 6.42128581756 26.2527813662 13.9865846889 19.6945364417 30.6987262477 33.6235925907 10.2604302014 30.0864431599 129.213751672 15.0403799395 17.8562307068 88.8306547915 16.2941310259 11.7202695268 17.4383347101 9.21039906756 17.068294198 21.826834799 10.169397387 38.1906217545 26.5520597975 7.50743338484 50.4033878972
61.0 3.17753907397 6.78645266222 6.20553776783 25.4001669869 13.5271274565 19.0414811283 29.6795998927 32.5514099916 9.90963702876 29.1043506959 125.142636484 14.5301667972 17.2772292243 85.9923805198 15.7610662037 11.3263446602 16.8639016089 8.89820052582 16.5113142034 21.0888103431 9.83036917951 36.967260921 25.8250085062 7.26098207709 48.8314528471
62.0 3.07423488497 6.55773288105 5.99973659922 24.5878067773 13.0886894022 18.4191507039 28.7090669341 31.5292209762 9.57507427592 28.1691748884 121.268293441 14.0440660659 16.7247372908 83.2895334209 15.252484949 10.9506150534 16.316469907 8.60020158632 15.9801382674 20.3852368462 9.50709202533 35.8016842161 25.1278330619 7.02565369478 47.3326348858
63.0 2.97562272519 6.33935660199 5.80328490329 23.8132016901 12.6700128533 17.8256565095 27.7840995989 30.5539602304 9.25577225352 27.2779704888 117.578204909 13.5805960632 16.1971624062 80.7136512468 14.7669143549 10.5919888774 15.7943798792 8.31556857569 15.473197751 19.7140283926 9.19861063884 34.6902951409 24.4588616697 6.80079179637 45.9024357343
64.0 2.88142323577 6.13072045977 5.61562984477 23.0740443921 12.269933612 17.2592532247 26.9019024613 29.6227945432 8.95083291858 26.4280203005 114.060831496 13.1383874793 15.693030836 78.2569205754 14.3029914882 10.2494554392 15.2960977155 8.04352853467 14.9890422236 19.073254995 8.90404152958 33.6297736713 23.8165412343 6.58578824861 44.5366995037
65.0 2.79137773999 5.93126470246 5.43625918613 22.3682018201 11.8873726596 16.7183259559 26.0598913347 28.7331019708 8.65942355801 25.6168142726 110.705521941 12.7161732521 15.2109770492 75.9121181653 13.8594535965 9.92207798994 14.8202041888 7.78336392325 14.5263288583 18.4611287302 8.62256657214 32.6170510736 23.1994271771 6.38007896409 43.2315817837
66.0 2.70524641433 5.74046942001 5.26469772354 21.6936995668 11.521328713 16.2013786649 25.2556743715 27.8824531571 8.38077111811 24.8420307982 107.502432519 12.3127794968 14.7497342433 73.6725583909 13.435129325 9.6089872729 14.3653844984 7.53440786304 14.0838129259 17.8759913018 8.35342724271 31.6492873619 22.6061742737 6.18314007607 41.9835219461
67.0 2.62280664704 5.55785115199 5.10050408604 21.0487078793 11.1708715368 15.7070237838 24.4870351099 27.068594556 8.11415710513 24.1015199568 104.442454824 11.927117365 14.3081258303 71.5320460486 13.028930825 9.30937572333 13.9304191526 7.29603985497 13.6603392613 17.3163028606 8.09591944395 30.7238510846 22.0355283942 5.9944844999 40.7892182869
68.0 2.54385156234 5.38295983117 4.94326785591 20.4315290816 10.8351359222 15.2339728761 23.7519172418 26.2894333402 7.85891299153 23.3932884723 101.517150973 11.5581757248 13.8850577735 69.4848339172 12.6398466529 9.02249224637 13.514175769 7.06768191822 13.2548345883 16.7806319417 7.84938885022 29.8383011681 21.4863190462 5.81365883642 39.6456056784
69.0 2.46818869143 5.2153760251 4.79260697351 19.8405862594 10.5133162576 14.7810282264 23.0484109047 25.5430238021 7.614416071 22.7154861887 98.7186953474 11.2050145697 13.4795116782 67.525584534 12.2669353677 8.74763750753 13.1156016894 6.84879510328 12.866300605 16.2676463904 7.61322671386 28.9903705826 20.9574526309 5.64024057869 38.5498354455
70.0 2.39563877369 5.05470844272 4.64816539497 19.2744130618 10.2046616256 14.3470752542 22.3747403249 24.8275550832 7.3800857126 22.0663938906 96.0398221539 10.866759073 13.0905385522 65.6493357148 11.9093197506 8.48415967846 12.7337173167 6.63887633786 12.493807745 15.7761051665 7.38686608066 28.1779516227 20.4479063344 5.47383558839 37.499257216
71.0 2.32603467357 4.90059167699 4.50961097436 18.7316444978 9.90847136747 13.9310756599 21.7292526629 24.1413400824 7.15537997021 21.4444123178 93.4737781341 10.5425942171 12.7172531636 63.8514694058 11.5661815783 8.23145058836 12.3676100952 6.43745556944 12.1364895395 15.3048509325 7.16977836954 27.3990826229 19.9567225868 5.31407581209 36.4914025261
72.0 2.25922040054 4.75268415812 4.37663354634 18.2110086153 9.62409106595 13.5320612236 21.1104079272 23.4828054175 6.9397925091 20.8480522421 91.014279864 10.2317599339 12.3588289289 62.1276835043 11.236756889 7.98894223684 12.0164290629 6.24409317278 11.7935375147 14.8528033383 6.96147027637 26.6519359507 19.4830040274 5.16061721164 35.5239699904
73.0 2.19505022103 4.61066629505 4.24894318733 17.7113189704 9.35090889966 13.1491281862 20.5167698428 22.8504823261 6.73284981589 20.27592549 88.655475137 9.93354670203 12.0144932777 60.4739663304 10.9203316886 7.75610362997 11.6793799148 6.05837759438 11.4641965665 14.4189529302 6.76148096736 25.9348071369 19.0259089257 5.01313788564 34.5948118659
74.0 2.13338785238 4.47423878553 4.12626863661 17.2314677981 9.08835233184 12.7814321506 19.9469975714 22.2429984067 6.53410866227 19.7267368093 86.3919079941 9.64729155146 11.6835234409 58.8865734682 10.6162380513 7.5324379053 11.3557205242 5.87992320915 11.1477607628 14.0023556176 6.56937953123 25.2461050242 18.5846470081 4.87133636212 33.7019218641
75.0 2.07410573045 4.34312107723 4.00835586048 16.7704198146 8.8358850976 12.4281834496 19.3998381933 21.6590701115 6.34315379616 19.1992764915 84.2184870111 9.37237443393 11.3652426203 57.3620067297 10.3238505732 7.31747971602 11.0447568711 5.70836836766 10.8435695276 13.6021276394 6.384762663 24.584342823 18.1584756523 4.73493004446 32.8434240784
76.0 2.01708434303 4.21704996479 3.89496674477 16.327206582 8.59300445946 12.0886429308 18.8741198724 21.0974959156 6.15959583723 18.6924136682 82.1304565034 9.10821492015 11.0590164996 55.8969950208 10.0425831415 7.11079284769 10.7458393394 5.54337361455 10.5510041687 13.2174409792 6.2072525557 23.9481299835 17.7466964098 4.60365379508 32.0175629128
77.0 1.96221162246 4.09577830884 3.78587790271 15.9009213797 8.35923870402 11.7621181171 18.3687456345 20.5571500911 5.98306935614 18.2050902148 80.1233703445 8.85426919112 10.7642500628 54.4884769177 9.77188598985 6.91196804407 10.4583593416 5.38462006104 10.2694847124 12.8475191843 6.03649497864 23.3361647967 17.3486518261 4.47725864283 31.2226939081
78.0 1.90938239142 3.97907386512 3.68087958652 15.4907145299 8.13414485563 11.4479597039 17.8826876958 20.0369770276 5.81323111934 17.7363151965 78.1930681318 8.61002729366 10.4803846884 53.1335847789 9.51124300864 6.72062102117 10.1817462417 5.2318078964 9.99846701632 12.4916335468 5.87215752364 22.7472276531 16.9637225286 4.3555106019 30.4572753769
79.0 1.85849785671 3.86671821283 3.57977469249 15.095789132 7.91730658568 11.1455583611 17.4149822868 19.5359860442 5.64975848313 17.2851598048 76.3356534627 8.37501063396 10.2068954933 51.8296302431 9.26016928654 6.5363906511 9.91546454286 5.08465502478 9.73744013052 12.1490996133 5.71392800252 22.1801748909 16.5913245566 4.23818959123 29.7198607652
80.0 1.80946514612 3.75850577274 3.48237785046 14.7153971659 7.70833229857 10.8543418081 16.9647249238 19.053246644 5.49234792268 16.8507527337 74.5474741103 8.14876968572 9.94328890163 50.5740909742 9.01820886039 6.35893729912 9.65901131749 4.94289581546 9.48592388481 11.8192739892 5.56151298099 21.6339331774 16.2309069105 4.12508844466 29.0090916703
81.0 1.76219688442 3.65424290628 3.38851458942 14.3488359277 7.50685337734 10.5737721364 16.5310660828 18.5878841704 5.34071368291 16.4322759528 72.8251039111 7.93088189199 9.68910041595 49.3645985343 8.78493265333 6.1879412993 9.41191385354 4.80627995565 9.24346667858 11.5015514106 5.41463643584 21.1074943693 15.8819492993 4.01601200321 28.3236914504
82.0 1.71661080453 3.55374708831 3.29802057222 13.995444765 7.31252257379 10.3033433564 16.1132072378 18.1390758243 5.19458653999 16.0289608395 71.1653261988 7.72094974234 9.44389257373 48.1989272752 8.55993658339 6.02310155561 9.1737274978 4.67457139638 9.00964345486 11.1953620578 5.27303852365 20.5999108075 15.5439600693 3.91077628167 27.6624593699
83.0 1.67262939073 3.45684614639 3.21074089259 13.6546020854 7.12501252965 10.0425791463 15.7103972286 17.7060470106 5.05371266294 15.6400846349 69.5651186352 7.51859900857 9.20725306963 47.0749841534 8.34283982636 5.86413425673 8.94403367699 4.54754738278 8.78405384071 10.9001690881 5.13647445043 20.1102910042 15.216474295 3.80920770255 27.0242652292
84.0 1.63017955076 3.36337756073 3.12652942898 13.3257226093 6.94401441655 9.79103078404 15.3219289276 17.2880679814 4.91785256629 15.2649671937 68.021639305 7.32347712422 8.97879302938 45.9907993801 8.13328321887 5.71077169406 8.72243808028 4.42499756109 8.56632043873 10.6154663677 5.00471343286 19.6377956842 14.8990520206 3.71114239127 26.4080444334
85.0 1.58919231424 3.27318781912 3.04524824977 13.0082548478 6.76923668411 9.54827524734 14.947136177 16.8844507493 4.78678014536 14.9029679998 66.5322139561 7.13525169464 8.75814542109 44.9445178308 7.93092778866 5.56276117351 8.50856898813 4.30672315544 8.35608725552 10.3407763834 4.87753774273 19.1816341502 14.5912766356 3.61642552688 25.81279346
86.0 1.54960255496 3.18613182201 2.96676706536 12.7016787818 6.60040390614 9.31391346361 14.585390972 16.4945462468 4.66028178693 14.5534834226 65.0943242788 6.95360912559 8.54496359152 43.934391144 7.73545340059 5.41986401269 8.30207573428 4.19253620824 8.15301825484 10.07564832 4.75474182689 18.7410609389 14.2927533754 3.52491074349 25.2375656882
87.0 1.51134873493 3.10207233328 2.89096272283 12.4055037258 6.43725571647 9.08756869851 14.2361008679 16.1177417088 4.53815554844 14.2159441943 63.7055971288 6.7782533598 8.3389199162 42.9587704466 7.54655750805 5.28185461572 8.10262728876 4.08225887853 7.95679602407 9.81965628606 4.63613149612 18.3153727439 14.0031079339 3.43645957774 24.6814675583
88.0 1.47437266824 3.02087947267 2.81771873946 12.1192663601 6.27954582631 8.86888506971 13.89870659 15.753458258 4.42021039977 13.8898130844 62.3637946078 6.6089047117 8.13970455334 42.0160996501 7.36395400036 5.14851961901 7.90991095122 3.97572279329 7.76712054401 9.57239767697 4.52152317653 17.9039055805 13.7219851798 3.35094095833 24.1436550295
89.0 1.43861930295 2.94243024639 2.74692487171 11.8425289145 6.12704111605 8.657526175 13.57267983 15.4011486768 4.30626552224 13.5745827581 61.0668049248 6.44529879186 7.94702429238 41.1049092672 7.18737213795 5.0196571017 7.72363114479 3.8727684471 7.58370805291 9.33349166226 4.41074321833 17.5060321708 13.4490479673 3.268230734 23.6233303132
90.0 1.40403651946 2.86660811239 2.67847671656 11.5748774921 5.97952079517 8.45317382489 13.2575212103 15.060295348 4.19614965976 13.2697737983 59.8126339694 6.2871855131 7.76060148918 40.2238107029 7.01655556748 4.8950758552 7.5435083017 3.77324464611 7.40628999644 9.1025777867 4.30362725669 17.1211595294 13.183976033 3.18821123661 23.1197388537
91.0 1.37057494405 2.79330257771 2.61227534243 11.3159205206 5.83677562443 8.25552687058 12.9527584042 14.730408351 4.08970051794 12.9749328802 58.5993975334 6.13432817147 7.5801730802 39.3714909792 6.85126141032 4.77459470695 7.36927783282 3.67700799252 7.23461205639 8.87931467548 4.2000196204 16.7487267337 12.9264649722 3.11077087637 22.6321665382
92.0 1.33818777607 2.72240882487 2.54822694731 11.065287319 5.69860719498 8.06430011919 12.657944396 14.4110236987 3.9867642069 12.689631083 57.4253141251 5.98650259544 7.40548966931 38.546707856 6.69125941799 4.65804189355 7.20068917389 3.58392240623 7.06843325126 8.6633788347 4.09977278419 16.3882028606 12.676225288 3.03580376643 22.1599371144
93.0 1.30683062786 2.65382736523 2.48624254158 10.8226267714 5.56482725981 7.87922332888 12.3726558708 14.1017017048 3.88719472427 12.4134623278 56.2886983253 5.84349635779 7.23631468081 37.748285315 6.53633118908 4.54525447946 7.037504902 3.4938586807 6.90752510272 8.45446353916 4.00274686112 16.0390850777 12.4329815075 2.96320937461 21.7024097995
94.0 1.2764613762 2.5874637168 2.42623765375 10.5876060979 5.43525711306 7.70004027726 12.0964917232 13.8020254702 3.79085347518 12.1460419319 55.1879546391 5.70510804483 7.07242357355 36.975109376 6.38626944254 4.43607781727 6.87949991644 3.40669407 6.75167086253 8.25227780028 3.90880913163 15.7008968745 12.1964713587 2.89289219979 21.2589770636
95.0 1.24704002442 2.5232281048 2.36813205704 10.3599097152 5.3097270135 7.52650789689 11.8290716733 13.5115994776 3.69760882602 11.8870052681 54.1215718004 5.57114657824 6.91360311082 36.226124217 6.24087734266 4.33036504632 6.72646067866 3.32231190485 6.60066479487 8.05654540754 3.81783360623 15.3731864226 11.9664450051 2.82476147114 20.8290625734
96.0 1.21852857426 2.46103518299 2.31184951523 10.1392381788 5.18807564828 7.35839547249 11.5700349835 13.2300482875 3.60733568942 11.6360065212 53.0881174933 5.44143058527 6.75965068176 35.5003285753 6.09996787168 4.22797662645 6.57818450641 3.24060123507 6.45431150956 7.86700403758 3.72970061927 15.055525054 11.7426643312 2.75873086824 20.4121192834
97.0 1.19089090666 2.40080377409 2.25731754615 9.92530720041 5.07014963415 7.19548389489 11.3190392656 12.957015325 3.51991513793 11.392717534 52.0862334549 5.31578781333 6.61037366998 34.7967724042 5.96336324613 4.12877990417 6.43447891776 3.16145649652 6.31242534218 7.68340442541 3.64429645102 14.7475058478 11.5249022771 2.69471826057 20.0076276617
98.0 1.16409267089 2.34245662804 2.20446720152 9.71784673511 4.9558030528 7.03756496711 11.0757593731 12.6921617523 3.43523404411 11.1568267349 51.1146309279 5.19405458548 6.46558886581 34.1145537663 5.83089437336 4.03264870865 6.295161021 3.08477720056 6.17482977719 7.505509593 3.561512976 14.448742317 11.3129422167 2.63264546464 19.6150940415
99.0 1.13810118124 2.28592019632 2.15323286174 9.51660013168 4.84489701795 6.88444075839 10.8398863699 12.4351654187 3.35318474504 10.9280381408 50.1720864367 5.07607529353 6.32512191861 33.4528159448 5.70240034535 3.93946297516 6.16005694671 3.01046764435 6.04135691077 7.3330941305 3.4812473355 14.1588671869 11.1065773774 2.57243801763 19.2340490852
100.0 1.11288532071 2.23112442153 2.10355204454 9.32132334182 4.73729927148 6.73592300258 10.6111265706 12.1857198831 3.27366472927 10.7060704296 49.257437858 4.96170192581 6.18880682611 32.8107447535 5.5777279666 3.84910839397 6.02900131879 2.93843664029 5.91184695025 7.16594352628 3.4034016322 13.8775312576 10.9056102974 2.51402496609 18.8640463557
