magnification abell383 abell1423 abell209 abell2261 abell611 clj1226 macs0329 macs0416 macs0429 macs0647 macs0717 macs0744 macs1115 macs1149 macs1206 macs1311 macs1423 macs1720 macs1931 macs2129 ms2137 rxj1347 rxj1532 rxj2129 rxj2248
0.0 84528.97749376 172357.40950091 186168.18588793 129839.22425202 171812.89798782 108551.04513663 115831.66876713 52814.84571525 152090.95136367 138788.94617967 168092.20856422 177956.28633543 129191.24352827 32740.44908896 151452.2683831 149475.28000948 60562.92900574 182523.20284235 142282.85631799 161528.26863201 151921.65888871 120151.40504653 54307.68592406 179399.51869337 85486.42427272
1.0 71690.9438436 124099.077821 155346.242116 126546.557979 147310.341041 100426.128423 108989.48566 53695.0179865 120493.044311 135356.588482 86451.8980474 138719.111952 123552.866538 32439.1769645 134457.087035 118026.841469 62054.7219837 132058.310099 123915.301215 139018.334701 123870.31709 118206.611586 79501.1015682 148655.041253 92718.2610856
2.0 5035.8387772 8858.99978931 10142.4197337 20422.5960864 13742.4327655 15341.9147316 19729.0177762 13607.990425 10713.2246723 24157.0743015 39054.0128894 15860.0092165 14163.4898461 17601.1957276 15115.8450812 11830.2714174 11543.373245 9627.26784341 15619.0190352 18077.9966654 11600.8782735 24073.1036194 10080.8626935 9815.72904217 22305.1990372
3.0 1382.37181461 2485.09542736 2728.41744315 7690.53253965 4285.4504895 5740.2686233 7910.45692956 6211.0850055 3290.56057106 9370.89387331 21840.4324117 5289.71097749 4801.61207881 10678.1461219 5017.03467596 3774.24454276 4599.07503532 2768.37141183 5334.90366145 6323.45440999 3579.76973767 9894.59254857 3657.54609059 2679.90980339 9896.1495174
4.0 608.597738289 1115.08912024 1193.73409663 3976.36115091 2034.08226748 2982.90091532 4264.88885538 3581.36515841 1551.74920105 4898.67461343 13841.9677002 2584.00697635 2384.7227145 7095.80810109 2447.54973566 1808.2684834 2450.70510668 1269.272277 2621.44193424 3163.47641459 1679.49375952 5347.55630512 1913.40096726 1187.9394103 5601.94940973
5.0 337.86722994 629.134259866 662.080057378 2423.20079427 1187.56109453 1833.55793911 2680.00071799 2342.25905603 903.080888354 2996.86563048 9508.09880546 1528.48599444 1432.01506923 5028.71005128 1447.97419271 1059.97434321 1521.39094729 729.413891417 1550.18486931 1897.10478737 970.005263985 3343.35252392 1198.77147806 666.282678731 3616.18000731
6.0 214.681142184 405.298653576 421.265554218 1631.85148 782.498923847 1246.91236028 1848.22058453 1657.48338025 594.050599565 2019.62006424 6908.09281409 1012.67955048 961.606900251 3735.39947244 960.15895027 699.487776839 1037.30616681 477.384964243 1024.32612801 1267.7302017 632.982483419 2287.78847841 834.48620507 428.039857157 2534.15776234
7.0 148.832742294 284.335967481 292.773108177 1174.93037743 557.638322781 906.785381129 1356.41886303 1237.94665061 422.944761475 1452.95647615 5231.22538629 722.709760392 694.542184836 2875.664716 686.072267025 498.592450535 753.41888999 339.540418431 728.432276121 909.865712518 447.206490287 1664.519115 621.925547671 299.978236603 1878.5726199
8.0 109.602163848 211.559515185 216.242793378 887.327685184 419.63577087 691.560076791 1040.70989635 961.637891797 318.098044125 1095.6053255 4089.58633905 543.39149247 527.85532733 2276.79326307 516.585630087 375.024572119 572.670455345 255.702895797 545.626098801 686.773950466 333.948248509 1265.96312897 486.008115314 223.195168019 1450.68032797
9.0 84.3411009576 164.279558912 166.932635711 694.510351929 328.607090691 546.415519213 825.484711718 769.646131388 249.005168058 855.913482807 3278.9502623 424.588379725 416.462197735 1843.86415365 404.267654101 293.422035302 450.427592809 200.696216382 424.75303525 538.100234907 259.706952154 995.669778698 393.178188384 173.421675114 1155.57862307
10.0 67.0996874923 131.746932528 133.236224663 558.869154305 265.220594217 443.680835382 671.879845835 630.617256934 200.919955857 687.364630844 2683.64205294 341.67336409 338.087540176 1521.31751135 325.842390279 236.571972287 363.843253663 162.501971508 340.608737824 433.883123893 208.31199741 803.895566318 326.553548224 139.219332119 943.227719853
11.0 54.7882386652 108.343102885 109.136841732 459.766993241 219.184748103 368.151104782 558.225650501 526.582089353 166.007276121 564.335694981 2234.24353578 281.406213875 280.687272287 1274.93095271 268.803906563 195.282660843 300.236633192 134.793768561 279.622271755 357.881015197 171.189561973 662.876821412 276.856109298 114.632544276 785.179076429
12.0 45.6750911039 90.8998510499 91.2656261978 385.113572567 184.60824979 310.899619558 471.646464383 446.625048793 139.7883713 471.777472138 1887.09549224 236.151683375 237.277710197 1082.7192875 225.943254109 164.280574776 252.109139378 113.980765104 233.964121258 300.666012749 143.45091933 556.126559638 238.625418732 96.3130958055 664.271967058
13.0 38.7289708142 77.5196123708 77.6172064403 327.443339728 157.917880477 266.399953907 404.091035047 383.795875861 119.54963198 400.382688343 1613.65134776 201.2531062 203.576995034 930.051570972 192.864725803 140.361958522 214.79461868 97.8990309883 198.860390977 256.457345955 122.14219477 473.352365309 208.467293044 82.2603135116 569.64699515
14.0 33.3045952804 67.0086935064 66.9368872963 281.943048513 136.841730775 231.078636423 350.309256105 333.493846189 103.567046206 344.145355675 1394.62467838 173.737377178 176.837379542 806.894410425 166.762069295 121.487408203 185.265070982 85.1794282976 171.265465514 221.547982255 105.392143267 407.858729941 184.175636271 71.2179611565 494.155224454
15.0 28.9812975064 58.584981913 58.4065453309 245.395417319 119.877550663 202.53955359 306.75546677 292.572499389 90.7012977875 299.049411332 1216.61558046 151.632525902 155.227421374 706.187132369 145.773947744 106.30729236 161.485300574 74.9199832276 149.161551917 193.470187857 91.9678104561 355.136952975 164.262332957 62.3641425932 432.931527254
16.0 25.4751929358 51.7181513366 51.4738371617 215.583069251 105.998610419 179.125835603 270.962808027 258.819285062 80.1740248823 262.326956272 1070.08595792 133.587766613 137.486666423 622.848010763 128.625229189 93.8986759408 142.045963505 66.5059194324 131.168384006 170.528423097 81.029385091 312.060359669 147.691601931 55.1421905115 382.57001361
17.0 22.5889624871 46.037916691 45.7546163117 190.937028562 94.4830560055 159.661129836 241.170558484 230.64060664 71.438144157 232.020044792 948.101475779 118.651929263 122.723510033 553.146651198 114.417865012 83.612458095 125.945729355 59.5058643776 116.315551779 151.5256881 71.9883643062 276.405090789 133.722895622 49.1637723174 340.627476459
18.0 20.181912998 41.279115674 40.9747768061 170.321459152 84.8108216417 143.290891298 216.093798313 206.864432172 64.0995751348 206.711976688 845.525921777 106.139040431 110.292111502 494.296329221 102.504048274 74.9809111108 112.457100129 53.6094516334 103.904390298 135.596843274 64.4220978897 246.554182157 121.81431269 44.1509902293 305.313636134
19.0 18.1514704165 37.2476315871 36.9343112822 152.897456591 76.599141455 129.381770701 194.776411704 186.612788143 57.8683048372 185.35711879 758.491420821 95.5439420963 99.7148492349 444.182546884 92.4065996399 67.6597813104 101.041071368 48.5884438469 93.4213118666 122.103614945 58.0204679835 221.308968267 111.561189616 39.9005067838 275.291903447
20.0 16.4213742817 33.7985758693 33.4843841761 138.034361559 69.5609609026 117.455972776 176.494610755 169.21718147 52.5268457256 167.170036202 684.041769944 86.4877189547 90.6319937511 401.178257184 83.767481412 61.3909199245 91.2913147852 44.2717444777 84.4817872488 110.566486523 52.5515893189 199.76551514 102.655899324 36.2606052675 249.547741242
21.0 14.9339357773 30.8219302133 30.5122948736 125.250539825 63.4773887065 107.147330948 160.692033416 154.161165434 47.9093510996 151.551436868 619.887237663 78.6814657061 82.768179979 364.015573395 76.3136148581 55.9775143393 82.8967557251 40.5288912689 76.7931811827 100.619359077 47.8391448786 181.231657199 94.8608467226 33.1161093638 227.299599155
22.0 13.6448347249 28.2328647799 27.9313698867 114.172941727 58.17901108 98.1712448401 146.935112784 141.040514706 43.887453818 138.037594861 564.232791204 71.9016643075 75.9095471791 331.695095514 69.8336500409 51.2672793239 75.6159252617 37.2588852509 70.1295192139 91.9786681628 43.7470494094 165.170070913 87.9899100976 30.3782233327 207.937364771
23.0 12.5195456392 25.9650662225 25.6740176037 104.50892629 53.5329460254 90.303687197 134.881777237 129.535088394 40.3604577517 126.265114812 515.655700654 65.9730994573 69.8878262297 303.420781591 64.1618465547 47.1408074664 69.2590324675 34.3824656282 64.3139973928 84.4219114138 40.1688488264 151.15844528 81.8954241426 27.97753595 190.979015782
24.0 11.5308341749 23.9660493594 23.6868612233 96.0262727519 49.4337022904 83.366276298 124.259107939 119.388612163 37.2484132722 115.945940414 473.016970808 60.7567809126 64.5690549324 278.552475465 59.1666771525 43.5033411791 63.6752087308 31.836663118 59.2066313526 77.772441211 37.0202520114 138.861120691 76.4588811598 25.8591076147 176.039564228
25.0 10.6569720808 22.1938042902 21.9272669227 88.53876678 45.7966130921 77.2154861443 114.847133008 110.393926451 34.4871438983 106.849338881 435.396343588 56.1412599636 59.845439729 256.570836738 54.7426330715 40.2788612647 58.7432850538 29.5708920376 54.6953867337 71.8885133143 34.2337780311 128.008570142 71.5841775754 23.9789587694 162.808459597
26.0 9.88044386572 20.6143600228 20.3608270936 81.8956510937 42.5530453565 71.7347305669 106.466900545 102.382071781 32.0246180997 98.78872107 402.043979829 52.0362897885 55.6293963437 237.051111836 50.804240419 37.4057735105 54.3650256338 27.5441016488 50.6897116461 66.6552799865 31.7548591528 118.382337723 67.1926348659 22.3015193627 151.032913038
27.0 9.18699593447 19.1999881862 18.9595089712 75.9737989698 39.6468544275 66.8284763705 98.9715833618 95.2141094372 29.8182645011 91.6118683996 372.344112407 48.3681318779 51.8491248652 219.643293545 47.2816294505 34.8337165561 50.460096823 25.7226694658 47.1157544799 61.9788544584 29.5389630344 109.803835624 63.2192781006 20.7977490896 140.505431224
28.0 8.56492809931 17.9278609576 17.7002743521 70.6718351808 37.0317261711 62.417810603 92.2397634549 88.7749197618 27.8329591562 85.1935957806 345.787404381 45.0760363773 48.4452820857 204.056954856 44.1172114082 32.5211688253 46.9622803045 24.078822581 43.9127824581 57.7818548328 27.5494396656 102.125909327 59.6100193853 19.4437333761 131.054386078
29.0 8.00455916772 16.7790360507 16.5640377883 65.905668971 34.669160455 58.4370643459 86.1703049613 82.9684489032 26.0394985135 79.4301802745 321.949713718 42.1095715139 45.3684495686 190.049542685 41.263156535 30.4336330707 43.8165904664 22.589440253 41.0304677768 54.0000195152 25.7558911398 95.2264155424 56.3195014976 18.2196217731 122.536802674
30.0 7.4978192517 15.7376803901 15.5348712916 61.605063887 32.5269243288 54.8312139072 80.6783991292 77.714029183 24.4134280387 74.2350858221 300.475625938 39.4265751806 42.5771862818 177.417260166 38.679459212 28.5422439577 40.9770571077 21.235135491 38.4268087761 50.5796087616 24.1329236008 89.0032817944 53.3094293574 17.1088161412 114.832787599
31.0 7.03793548335 14.7904701502 14.5993908257 57.7109779017 30.5778533843 51.5538607614 75.6924840166 72.9435041143 22.9341344669 69.5356504086 281.065572128 36.9915678948 40.0365158237 165.987905088 36.332438553 26.8226892468 38.4050033817 19.9995433307 36.0665215138 47.4753898423 22.6591819736 83.3706692404 50.5472662385 16.0973433441 107.841184156
32.0 6.61918737844 13.9261226105 13.7462784191 54.1734820328 28.7989141323 48.5656470397 71.1518240099 68.5989627053 21.5841356797 65.2704956615 263.465669219 34.7745117208 37.7167403369 155.615200356 34.1935655761 25.2543660675 36.0676963258 18.8687639929 33.9197836694 44.6490602712 21.3165963104 78.2559657057 48.0052056765 15.1733658086 101.476154636
33.0 6.2367146917 13.1350275873 12.9659065444 50.9501178051 27.1704641064 45.8330021165 67.0045919991 64.6309395504 20.3485202884 61.3874841855 247.45964594 32.7498312999 35.5925025263 146.174272469 32.238537839 23.8197152679 33.9372805 17.8309233342 31.9612450767 42.0680032293 20.0897881603 73.5974096782 45.6593538863 14.3267962074 95.6644699577
34.0 5.88636522973 12.4089548343 12.2500403889 48.004590757 25.6756632119 43.3271432644 63.2063380258 60.9969741964 19.2145017328 57.8420960832 232.862380259 30.8956353775 33.6420379137 137.558020523 30.4465434007 22.5036919691 31.9899287466 16.8758230043 30.1692419708 39.7042973048 18.9655991358 69.3421982619 43.4890744347 13.5489915648 90.3433439079
35.0 5.56457336406 11.7408199408 11.5916000053 45.3057235365 24.30000182 41.0232729828 59.7187576442 57.6604499495 18.1710607748 54.5961290933 219.51469183 29.1930930756 31.8465742608 129.674181336 28.799670936 21.2933412394 30.2051609125 15.9946598427 28.5251682808 37.5339226679 17.9327136426 65.4449695414 41.4764590834 12.8325085109 85.4586902208
36.0 5.26826233801 11.1244956642 10.9844688993 42.8266111805 23.0309197432 38.8999298261 56.5086945924 54.5896517356 17.2086568075 51.6166506194 207.279119146 27.6259306088 30.1898458008 122.442942672 27.2824336273 20.1774555898 28.5652935614 15.1797991795 27.0129690104 35.5361202382 16.9813547926 61.8665769549 39.6058975495 12.1709060243 80.9637105738
37.0 4.99476516488 10.5546588368 10.4233389221 40.5439350833 21.857496522 36.9384599605 53.5473280351 51.7569969404 16.3189931657 48.8751473307 196.036474712 26.1800224826 28.6576977342 115.794990944 25.8813823284 19.1462966608 27.054992625 14.4245904399 25.6187292795 33.6928709462 16.1030376475 58.5730931348 37.8637254193 11.5585853544 76.8177434735
38.0 4.74176016448 10.0266653416 9.90358376817 38.4374024202 20.7701980881 35.122584364 50.8095062353 49.1384037966 15.4948251302 46.3468308547 185.683019064 24.8430573601 27.237762217 109.669905553 24.5847892927 18.191367645 25.6609075282 13.7232162005 24.3303388732 31.9884699539 15.2903677147 55.5349953622 36.2379342604 10.9906592779 72.9853202772
39.0 4.50721810838 9.53644739033 9.4211551708 36.4892854343 19.7606683095 33.438042313 48.2731971752 46.7127698552 14.7298019235 44.0100676296 176.128130064 23.6042633501 25.9191913653 104.014831486 23.3823880707 17.3052260951 24.3713702376 13.0705678856 23.1372168104 30.4091764833 14.5368754119 52.7264957265 34.7179315693 10.4628446634 69.4353867518
40.0 4.28935863405 9.08042864536 8.97249723277 34.6840407252 18.8215565045 31.8722961112 45.9190331745 44.4615391083 14.0183359511 41.8459081571 167.292370966 22.454180893 24.6924360293 98.7833765286 22.2651584098 16.4813290865 23.1761463725 12.4621428227 22.030083932 28.9429242373 13.8368793153 50.1249873169 33.2943409099 9.97137368355 66.1406577534
41.0 4.08661410711 8.65545370637 8.55447533959 33.0079930224 17.9463739625 30.4142852801 43.7299315111 42.3683409179 13.3554940146 39.8376963151 159.10588133 21.3844740114 23.5490615361 93.9346908305 21.225147435 15.7139044685 22.066228321 11.8939585295 21.0007741481 27.5790806784 13.1853725828 47.7105840111 31.9588346606 9.51292004075 63.0770795888
42.0 3.89759950493 8.25872923283 8.1643168693 31.4490712336 17.1293739948 29.0542209286 41.690776843 40.4186874292 12.7369063523 37.9707435266 151.50703074 20.3877726652 22.4815934643 89.4326952449 20.2553202514 14.9978432702 21.0336624365 11.3624809882 20.042076991 26.3082459335 12.5779281514 45.4657361964 30.7039933701 9.08453735373 60.2233799685
43.0 3.72108719606 7.88777454422 7.7995615004 29.9965871035 16.3654511821 27.7834129383 39.7881541541 38.5997188679 12.1586902235 36.2320557551 144.4412875 19.4575404636 21.4833879541 85.2454316695 19.3494345392 14.3286093619 20.0714040382 10.8645643362 19.1476056601 25.1220840157 12.0106192257 43.3749084233 29.5231869458 8.68360745124 57.5606895882
44.0 3.55598572209 7.54037998262 7.45801937164 28.6410487853 15.6500563635 26.5941240902 38.0101232151 36.8999882377 11.6173854226 34.6101037524 137.860264071 18.587963161 20.548522165 81.3445138943 18.5019348167 13.7021632612 19.1731952086 10.3973999256 18.3116859369 24.0131805392 11.4799522911 41.4243078313 28.4104738472 8.30779678001 55.0722225766
45.0 3.40132186836 7.21457166523 7.13773569836 27.3740031592 14.9791246013 25.4794464181 36.3460273216 35.3092785902 11.1098996267 33.0946288923 131.720908456 17.7738542687 19.6717013599 77.7046616254 17.7078629066 13.1148975963 18.3334613771 9.95847311037 17.5292622669 22.974922262 10.9828104335 39.6016544023 27.3605152013 7.95501949341 52.743005556
46.0 3.25622545062 6.90858152264 6.83696072419 26.1879019326 14.3490138937 24.4331959866 34.7863304669 33.8184473459 10.6334618896 31.6764784233 125.984816643 17.0105748355 18.848179778 74.3033036343 16.962781817 12.5635822197 17.5472234546 9.54552643884 16.7958180366 22.001394697 10.5164051853 37.8959858311 26.3685013428 7.62340606687 50.5596470284
47.0 3.11991635489 6.6208217299 6.55412410212 25.0759875007 13.756452827 23.4498230076 33.3224782021 32.4192931753 10.1855829134 30.3474651488 120.617645893 16.2939650045 18.073692991 71.1202385925 16.2627107768 12.0453173494 16.8100228985 9.15652817888 16.1073076346 21.0872947493 10.0782354548 36.2974911726 25.4300887454 7.31127650729 48.5101403604
48.0 2.99169345494 6.34986280443 6.28781296936 24.0321952997 13.1984957014 22.5243347829 31.9467783163 31.1044417747 9.76402098516 29.1002474771 115.588612342 15.6202854043 17.3443998662 68.1373442329 15.6040695867 11.557493415 16.1178575754 8.78964530339 15.460098344 20.2278559002 9.66605236658 34.7973685122 24.5413456807 7.01711739768 46.583694877
49.0 2.87092510123 6.09441477763 6.03675311563 23.0510699772 12.6724839248 21.6522294139 30.6522981635 29.8672475253 9.36675266815 27.928226528 110.870059405 14.9861667852 16.6568325985 65.3383271493 14.9836307838 11.0977565289 15.4671266763 8.44322022154 14.8509204664 19.4187839125 9.27782905511 33.3877027709 23.6987052364 6.73956215731 44.7705905639
50.0 2.7570409302 5.85331095348 5.79979275245 22.1276931873 12.1760126891 20.8294385866 29.4327760273 28.7017085588 8.99194749785 26.8254575759 106.437085817 14.3885665945 16.007853547 62.7085068917 14.3984783834 10.6639786944 14.8545832504 8.11575066829 14.2768243672 18.6562013947 8.91173462683 32.0613604518 22.8989245646 6.47737400876 43.0620526766
51.0 2.64952478736 5.62549385285 5.57588847816 21.257621199 11.7069021124 20.0522780322 28.2825443651 27.6023931747 8.6379460664 25.7865735894 102.267224115 13.8247314162 15.3946178303 60.2346291033 13.8459721798 10.2542320171 14.2772931754 7.80587226718 13.7351433635 17.9365998482 8.56611164135 30.8118986941 22.1390494241 6.22943123225 41.4501431914
52.0 2.54790859338 5.41000301119 5.36409310323 20.4368308218 11.2631721723 19.3174045049 27.1964631407 26.564375907 8.30324098238 24.806719013 98.3401619043 13.2921643813 14.8145408142 57.9047033347 13.3237167629 9.86676631473 13.7325995838 7.51234336414 13.2234615595 17.256798063 8.23945657631 29.6334864514 21.4163832356 5.99471436021 39.9276665597
53.0 2.45176701154 5.20596435355 5.16354505731 19.6616724006 10.843020867 18.6217783101 26.1698617548 25.5831818171 7.98646028017 23.8814922503 94.6374995398 12.7885968097 14.2652697688 55.7078618894 12.8295345471 9.49998961825 13.21809193 7.23403179723 12.7395858872 16.6139059135 7.93040283014 28.5208359811 20.7284599992 5.77229502317 38.4880876458
54.0 2.36071279817 5.0125809164 4.97345914588 18.928828843 10.4448051357 17.9626305771 25.198488324 24.6547378237 7.68635292264 23.0068955662 91.1425389081 12.3119634629 13.744659092 53.6342366512 12.3614422277 9.15245114394 12.7315790187 6.9699033223 12.2815217354 16.0052927663 7.6377058905 27.469143129 20.073020526 5.56132620607 37.1254600799
55.0 2.27439273752 4.82912472309 4.79311846193 18.2352798074 10.0670241433 17.3374345984 24.2784652622 23.7753300699 7.40177609865 22.1792913307 87.8400988346 11.8603808898 13.2507485909 51.6748513302 11.9176301726 8.82282638243 12.2710654234 6.71901145978 11.8474516454 15.4285598375 7.36023035727 26.4740351428 19.4479915237 5.36103371313 35.8343635374
56.0 2.19248407801 4.6549296508 4.62186728964 17.5782703213 9.70830459853 16.7438806655 23.4062502822 22.941566485 7.13168406413 21.3953637052 84.7163533615 11.4321284299 12.7817443972 49.8215269665 11.4964443367 8.50990400741 11.8347308165 6.48048856446 11.4357166417 14.8815159419 7.09693855816 25.5315249458 18.8514671466 5.17070867139 34.609848696
57.0 2.11469139996 4.48938515191 4.45910486223 16.9552832132 9.36738782613 16.179853921 22.5786020731 22.1503438299 6.87511831446 20.6520850072 81.7586897224 11.0256315055 12.3360021519 48.0667988663 11.0963703509 8.21257435317 11.4209118064 6.25353795137 11.0447998279 14.3621561671 6.84688053623 24.6379709735 18.2816926801 4.98970092985 33.4473888115
58.0 2.0407438558 4.33193071395 4.30427985769 16.3640148358 9.04311835557 15.6434148183 21.7925500203 21.3988186197 6.63119890852 19.9466861135 78.955583326 10.6394468916 11.9120121584 46.4038434215 10.7160194889 7.92981924837 11.0280859396 6.03742693592 10.6733119404 13.868643072 6.60918522264 23.7900418116 17.7370500789 4.81741323282 32.3428370172
59.0 1.97039273263 4.18205095976 4.15688553359 15.8023536397 8.73443382494 15.1327818421 21.0453674332 20.6843814126 6.39911679167 19.2766303552 76.2964874668 10.2722497 11.508386239 44.8264134938 10.3541162635 7.66070302563 10.6548575771 5.83148066768 10.3199785935 13.3992900746 6.3830526359 22.9846849898 17.2160451193 4.6532960646 31.2923885855
60.0 1.90340929462 4.03927130405 4.01645541694 15.2683612188 8.44035602874 14.6463161956 20.3345478214 20.0046340241 6.17812698729 18.6395904413 73.7717358165 9.92282185161 11.1238460773 43.3287812425 10.009487437 7.40436455301 10.2999453983 5.63507665531 9.98362899609 12.95254674 6.16774697292 22.2190993824 16.7172959605 4.49684307772 30.2925475012
61.0 1.83958286877 3.90315409457 3.88255947737 14.7602555079 8.1599829626 14.1825081999 19.657783828 19.3573692923 5.96754254578 18.0334280153 71.3724560374 9.59004184455 10.7572128541 41.9056874331 9.68105226389 7.16001015605 9.96217132084 5.44763989427 9.66318594491 12.526985724 5.96259047637 21.4907107462 16.2395229394 4.3475870298 29.3400967934
62.0 1.77871914312 3.77329517693 3.75480072214 14.2763958557 7.89248173916 13.7399651908 19.0129484855 18.7405530739 5.76672915544 17.4561755073 69.0904930938 9.27287565476 10.4073980157 40.5522964038 9.36781381034 6.9269073177 9.6404506555 5.26863852219 9.35765693374 12.1212911617 5.76695797984 20.7971499943 15.781539447 4.20509616482 28.4320721478
63.0 1.7206386506 3.64932083001 3.63281216031 13.8152697389 7.6370822672 13.3174007259 18.3980785029 18.1523081911 5.57510033323 16.9060199899 66.9183410404 8.97036862605 10.0733950331 39.2641559817 9.06885121509 6.70437905933 9.33378334198 5.0975799368 9.06612623699 11.7342483204 5.58027204596 20.136233862 15.3422437561 4.06897098361 27.5657383919
64.0 1.6651754156 3.53088502673 3.51625409071 13.3754809124 7.39307160066 12.9136249417 17.8113593388 17.5909000935 5.39211312466 16.3812887907 64.8490822356 8.6816382288 9.75427203316 38.0371617386 8.78331277687 6.49179891955 9.04124613062 4.93400732046 8.78774784731 11.3647343613 5.40199862458 19.505947667 14.9206116872 3.93884135599 26.7385685008
65.0 1.61217574357 3.41766698111 3.40481167443 12.9557388218 7.15978887714 12.5275359225 17.2511118427 17.0547240274 5.21726425179 15.8804366436 62.8763330742 8.40586758189 9.44916519612 36.8675250587 8.51040976825 6.28858645865 8.76198559582 4.77749652288 8.5217391632 11.0117100755 5.23164316802 18.9044299095 14.5156900151 3.8143639336 25.9482248171
66.0 1.56149713639 3.30936894741 3.29819275808 12.554849126 6.93662077621 12.158111961 16.7157802792 16.5422935338 5.05008665628 15.402034196 60.9941954524 8.14229964693 9.15727282963 35.7517445627 8.24941088969 6.09420322652 8.49521188104 4.62765325997 8.2673753366 10.6742124791 5.06874714892 18.3299584906 14.1265905298 3.69521982769 25.1925422238
67.0 1.51300731881 3.20571424219 3.19612591833 12.1717051988 6.72299743688 11.8044046059 16.2039215738 16.0522301203 4.89014639167 14.9447577088 59.1972132866 7.89023201577 8.87785004055 34.6865804924 7.99963728857 5.9081491397 8.24019308905 4.48411059242 8.02398420247 10.3513481645 4.91288493349 17.7809383567 13.7524846792 3.5811125212 24.4695130397
68.0 1.46658336302 3.10644546346 3.09835870221 11.8052804949 6.51838878168 11.4655324067 15.7141956394 15.5832539715 4.73703982472 14.5073798102 57.4803334944 7.6490122229 8.61020393631 33.6690317101 7.76045807822 5.72995922072 7.99625024251 4.34652665217 7.79094172263 10.0422873234 4.76366096897 17.2558904052 13.3925987269 3.47176598812 23.7772734384
69.0 1.4221109001 3.0113228848 3.00465604101 11.4546216818 6.3223012014 11.1406752761 15.2453566608 15.13417558 4.59039111111 14.0887611816 55.8388709238 7.41803352275 8.35368929603 32.6963150151 7.53128630014 5.55920065848 7.76275274917 4.21458258908 7.56766788493 9.74625836148 4.6207072496 16.7534415038 13.0462093707 3.36692299683 23.1140912185
70.0 1.37948340867 2.92012300475 2.91479881812 11.118842451 6.13427456021 10.8290694008 14.7962452293 14.7038881951 4.44984991481 13.6878430706 54.2684767805 7.19673107981 8.10770465934 31.7658465134 7.31157527949 5.39547015394 7.53911431492 4.0879807134 7.35362300623 9.46254304154 4.48368102988 16.2723155006 12.7126397694 3.26634357689 22.4783547714
71.0 1.33860157207 2.83263723453 2.82858257412 10.7971179313 5.95387948623 10.5300026412 14.3657812355 14.2913609996 4.31508934458 13.3036405359 52.765110163 6.98457852586 7.87168878715 30.875224813 7.10081533088 5.23839151972 7.32478925468 3.96644281298 7.14830439425 9.1904720941 4.35226275767 15.8113251112 12.3912559366 3.16980363142 21.8685631168
72.0 1.29937269662 2.74867070904 2.74581633389 10.4886796396 5.78071491647 10.2428103661 13.9529574354 13.8956329344 4.18580408403 12.9352363466 51.3250123595 6.78108484427 7.64511745425 30.022215842 6.89853077587 5.08761350598 7.11926915739 3.84970862623 6.95124332889 8.92942124602 4.22615420323 15.3693645876 12.0814634611 3.07709367926 21.2833168864
73.0 1.26171018439 2.66804120807 2.66632154289 10.19281091 5.61440586917 9.96687167521 13.55683362 13.515807102 4.06170869463 12.5817754614 49.9446836074 6.58579154616 7.4275005384 29.2047391157 6.70427723911 4.94280782851 6.9220798668 3.73753445472 6.76200232839 8.67880762138 4.1050767632 14.9454030844 11.782704522 2.98801771322 20.7213101565
74.0 1.22553305463 2.59057817596 2.58993110095 9.90884275046 5.45460141953 9.70160597058 13.1765313226 13.1510456885 3.94253607363 12.2424600268 48.6208620482 6.39827010752 7.21837937497 28.4208552955 6.51763919343 4.80366737752 6.73277874416 3.62969190058 6.58017266995 8.43808647527 3.98876992084 14.5384786457 11.4944551659 2.90239216211 20.181323037
75.0 1.19076550886 2.51612182962 2.51648848342 9.63615008104 5.30097285782 9.44646983819 12.8112290082 12.8005653474 3.82803605067 11.9165448402 47.3505046455 6.21811963989 7.01732434935 27.6687549031 6.33822772789 4.66990458854 6.55095218324 3.52596671611 6.40537213799 8.20674822572 3.87698984628 14.1476927492 11.2162228223 2.82004494585 19.6622149399
76.0 1.15733653498 2.44452234582 2.44584694077 9.37414831509 5.15321201113 9.20095420942 12.4601576968 12.4636330013 3.71797410901 11.6033332266 46.1307698607 6.04496477059 6.82393270322 26.9467480707 6.16567851597 4.54124995863 6.37621335131 3.42615775417 6.23724297632 7.9843157528 3.76950812238 13.7722053481 10.9475440317 2.74081461421 19.162918454
77.0 1.12517954649 2.37563911971 2.37786876853 9.12229024725 5.01102971231 8.96458177322 12.1225969735 12.1395620149 3.61213021878 11.3021732888 44.9590019023 5.87845371103 6.63782653279 26.2532552186 5.99964996338 4.4174506932 6.2082001329 3.3300760092 6.07545002347 7.77034193783 3.66611058329 13.4112303593 10.6879823666 2.66454956068 18.6824337677
78.0 1.09423205327 2.30934008752 2.31242464071 8.8800632175 4.87415440139 8.73690461421 11.7978713496 11.8277087055 3.51029777117 11.0124544912 43.8327163897 5.71825649428 6.45865096022 25.5867985668 5.83982151759 4.29826947052 6.04657325568 3.23754374017 5.91967901244 7.56440741835 3.56659625457 13.0640315529 10.4371265257 2.59110730404 18.2198235809
79.0 1.06443536086 2.2455011071 2.24939300032 8.6469865235 4.74233084646 8.51750205416 11.4853469381 11.5274691551 3.41228260346 10.7336045449 42.749587288 5.56406336507 6.28607246096 24.9459943962 5.68589212305 4.18348331212 5.89101458044 3.14839366721 5.76963501859 7.36611853748 3.47077638457 12.7299188034 10.1945885861 2.52035383098 17.7742084602
80.0 1.03573429522 2.18400539061 2.18865950142 8.42260905662 4.6153189725 8.30597867712 11.184428413 11.2382762962 3.31790210639 10.4650865626 41.7074349865 5.41558330724 6.11977733213 24.3295459858 5.53757880782 4.07288254891 5.74122553871 3.06246823507 5.62504104096 7.17510546869 3.37847355837 12.4082446656 9.96000239763 2.45216299384 17.3447625918
81.0 1.00807695083 2.12474298452 2.13011649783 8.20650713985 4.49289278763 8.10196252041 10.8945562258 10.9595972431 3.2269844056 10.2063964588 40.7042154088 5.27254269539 5.95947028824 23.7362371575 5.39461538897 3.96626987372 5.59692570369 2.97961893701 5.48563670409 6.99102049882 3.28952088619 12.098401243 9.73302210571 2.38641595831 16.9307098957
82.0 0.981414459574 2.06761029232 2.0736625739 7.99828254804 4.37483939774 7.90510341574 10.6152040538 10.6909308476 3.13936761051 9.95706056971 39.738010053 5.13468405881 5.80487317242 23.1649263724 5.25675128536 3.86345947213 5.45785148167 2.89970569337 5.35117706869 6.81353645433 3.20376125912 11.7998173228 9.51332079255 2.32300069619 16.5313204635
83.0 0.955700778687 2.01250963591 2.01920211361 7.79756069312 4.26095810117 7.71507146622 10.3458764584 10.431805455 3.05489912411 9.71663347236 38.8070168741 5.00176494716 5.65572377217 22.6145413226 5.1237504278 3.7642762242 5.32375491247 2.82259627998 5.22143154081 6.6423452572 3.12104666593 11.5119557491 9.30058922413 2.26181151919 16.1459072929
84.0 0.930892495856 1.95934885224 1.96664490428 7.60398895875 4.15105955598 7.53155564679 10.0861067346 10.181776844 2.97343500804 9.48469598489 37.9095419268 4.87355688827 5.51177473017 22.0840739744 4.99539025741 3.66855497048 5.19440256844 2.74816580161 5.09618287037 6.47715659833 3.04123756524 11.2343110133 9.09453469459 2.20274864987 15.7738232873
85.0 0.906948649939 1.90804092187 1.91590577173 7.4172351704 4.04496501335 7.35426251661 9.83545493297 9.94042633319 2.89483939811 9.26085332979 37.0439916981 4.74984442974 5.37279254135 21.5725760184 4.87146080415 3.57613983659 5.06957454315 2.67629620666 4.97522623056 6.3176967177 2.96420230787 10.9664070421 8.89487995901 2.14571782642 15.414458499
86.0 0.883830565867 1.85850362659 1.86690424421 7.23698618857 3.94250561097 7.18291503321 9.59350603928 9.70735903711 2.81898396548 9.04473344586 36.2088660651 4.63042425661 5.2385566286 21.0791546898 4.75176383824 3.48688361081 4.94906352122 2.60687583916 4.85836837089 6.16370728149 2.88981660493 10.7077951625 8.70136224688 2.09062993818 15.0672375924
87.0 0.861501702469 1.81065923357 1.81956424224 7.0629466137 3.84352172115 7.01725145946 9.359868297 9.48220226112 2.74574741962 8.83598543494 35.4027518209 4.5151043782 5.10885848989 20.6029689257 4.63611208784 3.4006471702 4.8326739222 2.53979902501 4.74542683712 6.01494434733 2.8179630375 10.4580522307 8.51373234933 2.03740068927 14.731617507
88.0 0.839927512053 1.76443420363 1.77381379241 6.89483759302 3.74786234893 6.85702435495 9.13417166034 9.26460402056 2.67501504925 8.63427813134 34.6243167173 4.40370337808 4.98350091086 20.1432258263 4.52432851723 3.31729895077 4.72022111155 2.47496568937 4.63622925208 5.87117741006 2.74853060418 10.2167789071 8.33175377376 1.9859502877 14.4070853031
89.0 0.819075310716 1.71975892152 1.72958476274 6.73239571994 3.65538457561 6.70199964436 8.91606636619 9.05423167432 2.60667829802 8.43929878304 33.8723039762 4.29604972157 4.86229723678 19.6991773963 4.4162456601 3.23671445798 4.61153067299 2.41228100257 4.53061265201 5.73218852066 2.68141430318 9.98359806693 8.15520196023 1.93620315794 14.093156174
90.0 0.798914158458 1.67656744646 1.68681261796 6.57537201816 3.56595304405 6.55195575635 8.7052216145 8.85077066242 2.54063437198 8.25075183467 33.14552723 4.19198111575 4.74507069917 19.2701175388 4.31170500321 3.15877581393 4.50643773673 2.35165505201 4.42842287352 5.59777147213 2.61651474604 9.75815333297 7.98386355436 1.88808767478 13.7893716091
91.0 0.779414748246 1.63479728102 1.64543619285 6.42353100288 3.47943948195 6.40668282669 8.50132434804 8.65392333886 2.47678587598 8.06835780347 32.4428658524 4.09134391739 4.63165379209 18.8553792807 4.21055641605 3.08337133836 4.4047863587 2.2930025381 4.32951398692 5.46773104652 2.55373780011 9.54010771999 7.81753573219 1.84153591681 13.4952976971
92.0 0.760549303274 1.59438915693 1.60539748227 6.27664981263 3.3957222601 6.26598196031 8.30407812275 8.46340789142 2.41504047678 7.89185224012 31.7632606452 3.99399258493 4.52188769421 18.4543322098 4.1126576227 3.01039516026 4.30642894642 2.23624249196 4.23374777169 5.34188231785 2.49299425755 9.3291423818 7.65602557267 1.79648343776 13.2105235542
93.0 0.742291481733 1.55528683636 1.56664144634 6.13451740569 3.31468598258 6.1296645473 8.11320206136 8.27895734125 2.3553105905 7.72098476729 31.1057098509 3.89978917059 4.41562173262 18.0663801043 4.0178737122 2.93974685793 4.21122572762 2.18129801329 4.14099323083 5.2200500063 2.43419952842 9.1249554517 7.49914947395 1.75286905428 12.9346598695
94.0 0.724616288458 1.51743692742 1.52911582965 5.99693381551 3.23622110629 5.99755162837 7.92842988306 8.10031861539 2.29751309239 7.55551818922 30.4692654641 3.80860284936 4.31271288508 17.6909587402 3.92607668436 2.87133112472 4.11904425783 2.12809602671 4.05112614058 5.10206787925 2.37727335601 8.92726096846 7.34673260994 1.71063464881 12.6673375569
95.0 0.707499992896 1.48078871271 1.49277099318 5.86370946051 3.16022358746 5.86947330571 7.7495090032 7.92725168643 2.24156904727 7.39522766642 29.8530298143 3.72030948181 4.21302531758 17.3275338594 3.83714502806 2.8050574587 4.02975896388 2.07656705506 3.96402863272 4.98777819555 2.3221395525 8.7357878809 7.19860842413 1.66972498637 12.4082065035
96.0 0.690920052875 1.44529398984 1.45755975816 5.73466450344 3.08659455299 5.7452681956 7.57619969711 7.75952877353 2.18740345879 7.23989995017 29.2561524005 3.63479120807 4.11642995427 16.975599287 3.7509633294 2.74083987417 3.94325072028 2.02664500837 3.87958880672 4.87703118919 2.26872575334 8.55027912435 7.05461815741 1.63008754396 12.1569344083
97.0 0.67485504371 1.41090692305 1.42343726065 5.60962825652 3.01523999446 5.62478291932 7.40827432294 7.59693360013 2.13494503611 7.08933267178 28.6778269536 3.55193607021 4.02280407728 16.6346751843 3.66742190724 2.67859663319 3.85940645572 1.97826698719 3.79770036937 4.76968458942 2.21696318885 8.37049076326 6.91461040767 1.59167235184 11.9132057033
98.0 0.659284592218 1.37758390494 1.39036081618 5.48843862853 2.94607048334 5.50787162943 7.24551659881 7.43926070359 2.08412597659 6.94333368234 28.1172887107 3.47163766105 3.932030954 16.3043064272 3.58641647406 2.61824999572 3.7781187874 1.93137309923 3.71826229958 4.66560317433 2.16678647159 8.19619119449 6.77844071842 1.55443184557 11.6767205494
99.0 0.644189315261 1.34528342762 1.35828979355 5.37094161052 2.87900090538 5.39439556854 7.08772092995 7.28631479271 2.03488176327 6.80172043869 27.5738118824 3.39379479713 3.84399948976 15.9840610992 3.50784782009 2.55972598675 3.69928568089 1.88590628826 3.64117853648 4.56465835517 2.11813339838 8.02716040653 6.6459711944 1.51832072798 11.4471939032
100.0 0.629550762453 1.31396596251 1.32718549716 5.2569907971 2.813950213 5.28422265808 6.93469178192 7.13791014942 1.98715097596 6.66431943219 27.0467072981 3.31831121395 3.75860390382 15.6735290908 3.43162151887 2.50295417923 3.62281013349 1.84181217433 3.56635768888 4.46672778917 2.07094476571 7.8631892901 6.5170701421 1.48329584045 11.2243546469
